snpID	Het	Hom	Ref	Na	tot_cell	Prop_het	call_HET	Prop_Hom	Prop_ref	callNGT
chr1:115258744:HGMD_MUTATION	338	1378	0	63	1779	0.19	0	0.7746	0	3
chr1:115258745:C/A/G/T	329	1	1444	5	1779	0.1849	0	6e-4	0.8117	0
chr1:115258747:C/A/G/T	328	1	1445	5	1779	0.1844	0	6e-4	0.8123	0
chr1:115258748:C/A/G/T	360	1	1413	5	1779	0.2024	0	6e-4	0.7943	0
chr1:144852080:T/C	1117	537	75	50	1779	0.6279	0	0.3019	0.0422	3
chr1:144852167:G/T	1296	245	193	45	1779	0.7285	0	0.1377	0.1085	3
chr1:144852203:T/G	1298	247	189	45	1779	0.7296	0	0.1388	0.1062	3
chr1:144852235:T/C	1314	231	177	57	1779	0.7386	0	0.1298	0.0995	3
chr1:144852236:C/G	1314	230	179	56	1779	0.7386	0	0.1293	0.1006	3
chr1:144852249:C/T	1080	561	77	61	1779	0.6071	0	0.3153	0.0433	3
chr1:144852254:G/C	1275	268	178	58	1779	0.7167	0	0.1506	0.1001	3
chr1:150808889:C/G	33	1726	1	19	1779	0.0185	0	0.9702	6e-4	2
chr1:158533140:A/G	38	1618	0	123	1779	0.0214	0	0.9095	0	2
chr1:165377389:T/C	2	1777	0	0	1779	0.0011	0	0.9989	0	2
chr1:165377552:G/A	11	1768	0	0	1779	0.0062	0	0.9938	0	2
chr1:167849318:A/G	1752	19	8	0	1779	0.9848	1	0.0107	0.0045	1
chr1:167849411:A/G	359	0	1420	0	1779	0.2018	0	0	0.7982	0
chr1:167849414:A/G	367	1332	1	79	1779	0.2063	0	0.7487	6e-4	3
chr1:173878832:T/C	207	0	1572	0	1779	0.1164	0	0	0.8836	0
chr1:196801042:G/T	1238	8	532	1	1779	0.6959	0	0.0045	0.299	3
chr1:201047078:C/T	105	0	1663	11	1779	0.059	0	0	0.9348	0
chr1:209782121:G/T	1279	66	409	25	1779	0.7189	0	0.0371	0.2299	3
chr1:209782343:A/G	1303	347	94	35	1779	0.7324	0	0.1951	0.0528	3
chr1:248039713:A/G	945	820	4	10	1779	0.5312	0	0.4609	0.0022	3
chr1:38304255:C/G	1652	56	71	0	1779	0.9286	1	0.0315	0.0399	1
chr1:66070602:G/A	1622	69	86	2	1779	0.9117	1	0.0388	0.0483	1
chr1:75622616:C/T	40	0	1669	70	1779	0.0225	0	0	0.9382	0
chr1:94341137:C/T	1461	127	150	41	1779	0.8212	1	0.0714	0.0843	1
chr1:94341267:A/G	1525	126	127	1	1779	0.8572	1	0.0708	0.0714	1
chr10:105941167:G/T	1585	2	192	0	1779	0.8909	1	0.0011	0.1079	1
chr10:114200355:G/A	1176	5	594	4	1779	0.661	0	0.0028	0.3339	3
chr10:121551581:A/C	1481	287	11	0	1779	0.8325	1	0.1613	0.0062	1
chr10:128974621:C/T	1189	555	27	8	1779	0.6684	0	0.312	0.0152	3
chr10:1717310:G/A	1459	1	173	146	1779	0.8201	1	6e-4	0.0972	1
chr10:1717336:A/G	672	0	2886	0	3558	0.1889	0	0	0.8111	0
chr10:1717343:G/T	1354	10	34	381	1779	0.7611	0	0.0056	0.0191	3
chr10:33015782:G/A	8	1669	0	102	1779	0.0045	0	0.9382	0	2
chr10:47000071:G/A	1682	95	2	0	1779	0.9455	1	0.0534	0.0011	1
chr10:47000079:T/C	1670	2	107	0	1779	0.9387	1	0.0011	0.0601	1
chr10:47000188:A/G	2	1777	0	0	1779	0.0011	0	0.9989	0	2
chr10:47000239:C/T	1641	4	134	0	1779	0.9224	1	0.0022	0.0753	1
chr10:73455201:T/C	652	215	728	184	1779	0.3665	0	0.1209	0.4092	3
chr10:73455273:T/C	655	216	724	184	1779	0.3682	0	0.1214	0.407	3
chr10:73455308:T/C	657	215	724	183	1779	0.3693	0	0.1209	0.407	3
chr10:84745256:C/T	1604	53	119	3	1779	0.9016	1	0.0298	0.0669	1
chr10:93608142:G/A	21	1703	0	55	1779	0.0118	0	0.9573	0	2
chr11:103780455:A/G	20	1665	0	94	1779	0.0112	0	0.9359	0	2
chr11:10555589:A/G	1640	119	19	1	1779	0.9219	1	0.0669	0.0107	1
chr11:108384207:C/T	16	1632	0	131	1779	0.009	0	0.9174	0	2
chr11:114421674:G/A	452	8	1312	7	1779	0.2541	0	0.0045	0.7375	0
chr11:114421683:G/A	460	8	1304	7	1779	0.2586	0	0.0045	0.733	0
chr11:114421698:A/G	468	8	1296	7	1779	0.2631	0	0.0045	0.7285	0
chr11:114421705:A/G	464	8	1300	7	1779	0.2608	0	0.0045	0.7307	0
chr11:114421711:C/T	481	8	1283	7	1779	0.2704	0	0.0045	0.7212	0
chr11:125848261:C/T	1606	124	1680	148	3558	0.4514	0	0.0349	0.4722	3
chr11:32125855:A/G	12	1767	0	0	1779	0.0067	0	0.9933	0	2
chr11:32125961:C/T	86	1682	1	10	1779	0.0483	0	0.9455	6e-4	2
chr11:36458777:C/A	8	1771	0	0	1779	0.0045	0	0.9955	0	2
chr11:40137543:T/C	1599	2	177	1	1779	0.8988	1	0.0011	0.0995	1
chr11:48346822:A/C	804	0	975	0	1779	0.4519	0	0	0.5481	3
chr11:48346843:C/T	821	0	958	0	1779	0.4615	0	0	0.5385	3
chr11:48346916:G/C	596	0	1183	0	1779	0.335	0	0	0.665	0
chr11:48346924:T/C	610	0	1169	0	1779	0.3429	0	0	0.6571	0
chr11:48346932:G/A	608	0	1171	0	1779	0.3418	0	0	0.6582	0
chr11:48346961:A/T	605	0	1174	0	1779	0.3401	0	0	0.6599	0
chr11:48346962:A/G	615	0	1164	0	1779	0.3457	0	0	0.6543	0
chr11:48346996:G/A	314	0	1465	0	1779	0.1765	0	0	0.8235	0
chr11:48346999:T/G	387	0	1389	3	1779	0.2175	0	0	0.7808	0
chr11:48347014:G/A	618	0	1158	3	1779	0.3474	0	0	0.6509	0
chr11:48347023:C/T	640	0	1136	3	1779	0.3598	0	0	0.6386	0
chr11:56058197:G/A	1489	61	141	88	1779	0.837	1	0.0343	0.0793	1
chr11:7324475:T/C	4	1765	0	10	1779	0.0022	0	0.9921	0	2
chr11:89028357:A/G	98	1	1634	46	1779	0.0551	0	6e-4	0.9185	0
chr11:92523357:C/A/G	129	1	1620	29	1779	0.0725	0	6e-4	0.9106	0
chr12:102158763:T/C	43	1735	0	1	1779	0.0242	0	0.9753	0	2
chr12:11244070:T/C	182	12	1561	24	1779	0.1023	0	0.0067	0.8775	0
chr12:11244091:C/T	249	13	1495	22	1779	0.14	0	0.0073	0.8404	0
chr12:11244102:G/C	254	13	1488	24	1779	0.1428	0	0.0073	0.8364	0
chr12:11244117:A/G	191	9	1556	23	1779	0.1074	0	0.0051	0.8746	0
chr12:11244149:G/A	171	14	1569	25	1779	0.0961	0	0.0079	0.882	0
chr12:11244166:G/C	259	1478	23	19	1779	0.1456	0	0.8308	0.0129	2
chr12:11244169:G/A	255	14	1486	24	1779	0.1433	0	0.0079	0.8353	0
chr12:11244190:A/G	239	12	1504	24	1779	0.1343	0	0.0067	0.8454	0
chr12:11244194:T/C	263	1474	22	20	1779	0.1478	0	0.8286	0.0124	2
chr12:11244225:A/G	224	11	1515	29	1779	0.1259	0	0.0062	0.8516	0
chr12:11244234:T/C	216	11	1523	29	1779	0.1214	0	0.0062	0.8561	0
chr12:11244243:T/G	206	11	1533	29	1779	0.1158	0	0.0062	0.8617	0
chr12:11244252:G/T	167	7	1573	32	1779	0.0939	0	0.0039	0.8842	0
chr12:11244261:G/C	206	10	1535	28	1779	0.1158	0	0.0056	0.8628	0
chr12:11244265:G/A	208	10	1533	28	1779	0.1169	0	0.0056	0.8617	0
chr12:14018777:HGMD_MUTATION	1382	3	382	12	1779	0.7768	0	0.0017	0.2147	3
chr12:16347308:G/A	16	1738	0	25	1779	0.009	0	0.977	0	2
chr12:311949:A/G	148	1364	5	262	1779	0.0832	0	0.7667	0.0028	3
chr12:33579108:C/T	248	0	1523	8	1779	0.1394	0	0	0.8561	0
chr12:54970454:T/C	1455	351	1391	361	3558	0.4089	0	0.0987	0.3909	3
chr12:72307616:A/G	945	535	43	256	1779	0.5312	0	0.3007	0.0242	3
chr12:94972290:C/T	973	0	806	0	1779	0.5469	0	0	0.4531	3
chr13:115091399:T/C	1321	298	144	16	1779	0.7426	0	0.1675	0.0809	3
chr14:58838668:A/G	4	1775	0	0	1779	0.0022	0	0.9978	0	2
chr14:58838701:C/T	16	1763	0	0	1779	0.009	0	0.991	0	2
chr14:78197365:C/T	347	1431	0	1	1779	0.1951	0	0.8044	0	2
chr15:29544523:A/C	1217	272	256	34	1779	0.6841	0	0.1529	0.1439	3
chr15:29544656:T/C	1220	269	257	33	1779	0.6858	0	0.1512	0.1445	3
chr15:40590134:G/A	81	1495	0	203	1779	0.0455	0	0.8404	0	2
chr15:73541513:A/G	3	1761	0	15	1779	0.0017	0	0.9899	0	2
chr15:94883929:A/G	987	102	633	57	1779	0.5548	0	0.0573	0.3558	3
chr15:94884108:G/C	985	109	623	62	1779	0.5537	0	0.0613	0.3502	3
chr16:12666279:G/A	7	1771	0	1	1779	0.0039	0	0.9955	0	2
chr16:12666295:C/T	15	1763	0	1	1779	0.0084	0	0.991	0	2
chr16:12666389:G/T	72	1674	0	33	1779	0.0405	0	0.941	0	2
chr16:12666390:-/T	69	0	1694	16	1779	0.0388	0	0	0.9522	0
chr16:12666454:G/A	82	0	1694	3	1779	0.0461	0	0	0.9522	0
chr16:12666461:C/G	196	1444	1	138	1779	0.1102	0	0.8117	6e-4	2
chr16:12666468:G/A	40	1592	0	147	1779	0.0225	0	0.8949	0	2
chr16:19067933:G/A	52	1670	0	57	1779	0.0292	0	0.9387	0	2
chr16:25137289:G/C	38	1439	2	300	1779	0.0214	0	0.8089	0.0011	2
chr16:396435:G/C	59	2	1437	281	1779	0.0332	0	0.0011	0.8078	0
chr16:52473263:A/G	1329	17	428	5	1779	0.747	0	0.0096	0.2406	3
chr16:55601388:A/G	1597	155	14	13	1779	0.8977	1	0.0871	0.0079	1
chr16:66812653:T/A	12	1767	0	0	1779	0.0067	0	0.9933	0	2
chr16:66812797:C/T	123	1654	1	1	1779	0.0691	0	0.9297	6e-4	2
chr16:72130159:G/A	406	0	1373	0	1779	0.2282	0	0	0.7718	0
chr16:72130203:C/G	104	1539	2	134	1779	0.0585	0	0.8651	0.0011	2
chr16:9002269:T/C	286	0	1487	6	1779	0.1608	0	0	0.8359	0
chr17:11958053:A/G	4	1765	0	10	1779	0.0022	0	0.9921	0	2
chr17:14095309:A/G	276	0	1503	0	1779	0.1551	0	0	0.8449	0
chr17:15217389:G/A	1413	30	333	3	1779	0.7943	0	0.0169	0.1872	3
chr17:15217437:C/G	1427	28	322	2	1779	0.8021	1	0.0157	0.181	1
chr17:21319436:G/A	1191	1	556	31	1779	0.6695	0	6e-4	0.3125	3
chr17:21319439:T/G	1192	1	556	30	1779	0.67	0	6e-4	0.3125	3
chr17:21319452:G/A	812	1	937	29	1779	0.4564	0	6e-4	0.5267	3
chr17:21319465:T/C	1195	1	558	25	1779	0.6717	0	6e-4	0.3137	3
chr17:21319470:T/C	1194	1	561	23	1779	0.6712	0	6e-4	0.3153	3
chr17:21319473:G/A	1700	1	78	0	1779	0.9556	1	6e-4	0.0438	1
chr17:21319488:C/T	807	1	966	5	1779	0.4536	0	6e-4	0.543	3
chr17:21319543:G/A	1646	0	120	13	1779	0.9252	1	0	0.0675	1
chr17:21319560:G/T	1647	0	119	13	1779	0.9258	1	0	0.0669	1
chr17:21319650:C/T	1742	0	37	0	1779	0.9792	1	0	0.0208	1
chr17:31618732:A/G	18	1191	0	570	1779	0.0101	0	0.6695	0	3
chr17:5991344:C/T	58	1587	1	133	1779	0.0326	0	0.8921	6e-4	2
chr17:61573761:T/C	1356	8	1922	272	3558	0.3811	0	0.0022	0.5402	3
chr17:71747278:G/C	807	171	650	151	1779	0.4536	0	0.0961	0.3654	3
chr17:71747284:G/A	796	592	214	177	1779	0.4474	0	0.3328	0.1203	3
chr17:7574024:G/C	293	0	1483	3	1779	0.1647	0	0	0.8336	0
chr17:7574027:C/A	291	0	1485	3	1779	0.1636	0	0	0.8347	0
chr17:7574033:T/C	299	0	1477	3	1779	0.1681	0	0	0.8302	0
chr17:7576893:G/A	43	1	1683	52	1779	0.0242	0	6e-4	0.946	0
chr17:7577096:HGMD_MUTATION	233	3	1485	58	1779	0.131	0	0.0017	0.8347	0
chr17:7577559:HGMD_MUTATION	1315	210	220	34	1779	0.7392	0	0.118	0.1237	3
chr17:7579472:HGMD_MUTATION	7	1738	0	34	1779	0.0039	0	0.977	0	2
chr18:10487918:C/T	141	1554	1	83	1779	0.0793	0	0.8735	6e-4	2
chr18:11752844:G/C	272	7	1475	25	1779	0.1529	0	0.0039	0.8291	0
chr18:13116432:G/T	10	1673	0	96	1779	0.0056	0	0.9404	0	2
chr18:19996011:A/G	269	1510	0	0	1779	0.1512	0	0.8488	0	2
chr18:334758:T/C	18	1159	2	600	1779	0.0101	0	0.6515	0.0011	3
chr19:10226283:T/C	109	2	1563	105	1779	0.0613	0	0.0011	0.8786	0
chr19:18288069:A/G	1328	43	2120	67	3558	0.3732	0	0.0121	0.5958	3
chr19:303225:A/G	1053	89	409	228	1779	0.5919	0	0.05	0.2299	3
chr19:303293:-/CTC	36	0	1736	7	1779	0.0202	0	0	0.9758	0
chr19:303306:A/C	109	0	1663	7	1779	0.0613	0	0	0.9348	0
chr19:35616315:GC/AT	268	11	1373	127	1779	0.1506	0	0.0062	0.7718	0
chr19:38382328:C/T	1795	36	1691	36	3558	0.5045	0	0.0101	0.4753	3
chr19:44001345:C/T	1648	108	23	0	1779	0.9264	1	0.0607	0.0129	1
chr19:44001379:T/C	1663	14	102	0	1779	0.9348	1	0.0079	0.0573	1
chr19:47193850:T/C	1632	1	146	0	1779	0.9174	1	6e-4	0.0821	1
chr19:58058536:A/G	1196	12	490	81	1779	0.6723	0	0.0067	0.2754	3
chr19:5831577:G/C	4	1277	0	498	1779	0.0022	0	0.7178	0	3
chr19:5831724:T/C	45	1249	0	485	1779	0.0253	0	0.7021	0	3
chr19:8201249:-/A	1373	332	54	20	1779	0.7718	0	0.1866	0.0304	3
chr2:271855:T/C	112	4	1603	60	1779	0.063	0	0.0022	0.9011	0
chr2:271870:C/G	129	2	1587	61	1779	0.0725	0	0.0011	0.8921	0
chr2:271877:C/T	117	0	1590	72	1779	0.0658	0	0	0.8938	0
chr2:38178339:A/G	319	0	1457	3	1779	0.1793	0	0	0.819	0
chr2:38178406:A/G	1009	760	6	4	1779	0.5672	0	0.4272	0.0034	3
chr2:48906360:A/G	43	1632	0	104	1779	0.0242	0	0.9174	0	2
chr2:55883317:G/T	786	863	65	65	1779	0.4418	0	0.4851	0.0365	3
chr2:75923403:T/G	307	0	3167	84	3558	0.0863	0	0	0.8901	0
chr20:17716416:C/G	1702	27	49	1	1779	0.9567	1	0.0152	0.0275	1
chr20:20033242:A/T	12	1681	0	86	1779	0.0067	0	0.9449	0	2
chr20:20033319:A/G	3	1705	0	71	1779	0.0017	0	0.9584	0	2
chr20:20033367:C/G	1211	225	282	61	1779	0.6807	0	0.1265	0.1585	3
chr20:20033380:A/G	43	1660	1	75	1779	0.0242	0	0.9331	6e-4	2
chr20:23345844:A/C/G/T	6	1760	0	13	1779	0.0034	0	0.9893	0	2
chr20:23345866:C/T	156	0	1611	12	1779	0.0877	0	0	0.9056	0
chr20:238435:C/T	1594	7	177	1	1779	0.896	1	0.0039	0.0995	1
chr20:25282944:A/G	44	1647	0	88	1779	0.0247	0	0.9258	0	2
chr20:45354291:HGMD_MUTATION	1248	34	327	170	1779	0.7015	0	0.0191	0.1838	3
chr20:52198340:T/A	1644	64	69	2	1779	0.9241	1	0.036	0.0388	1
chr20:55033420:C/T	7	1769	0	3	1779	0.0039	0	0.9944	0	2
chr20:55033476:C/G	142	1621	2	14	1779	0.0798	0	0.9112	0.0011	2
chr21:14982469:A/G	167	1	1602	9	1779	0.0939	0	6e-4	0.9005	0
chr21:35260481:T/C	22	1679	0	78	1779	0.0124	0	0.9438	0	2
chr21:44188956:C/G/T	11	1763	0	5	1779	0.0062	0	0.991	0	2
chr22:18359501:C/G	70	0	1688	21	1779	0.0393	0	0	0.9488	0
chr22:18359512:T/G	19	0	1742	18	1779	0.0107	0	0	0.9792	0
chr22:18359514:G/T	106	0	1655	18	1779	0.0596	0	0	0.9303	0
chr22:18359536:A/G	101	0	1658	20	1779	0.0568	0	0	0.932	0
chr22:21066789:A/G	1313	39	413	14	1779	0.7381	0	0.0219	0.2322	3
chr22:29446611:A/C	1349	37	389	4	1779	0.7583	0	0.0208	0.2187	3
chr22:32352662:G/A	129	0	1648	2	1779	0.0725	0	0	0.9264	0
chr22:37469591:G/A	1258	29	453	39	1779	0.7071	0	0.0163	0.2546	3
chr22:44368122:A/G	1211	57	490	21	1779	0.6807	0	0.032	0.2754	3
chr22:44368204:A/G	82	1658	0	39	1779	0.0461	0	0.932	0	2
chr3:111637816:A/G	1327	423	25	4	1779	0.7459	0	0.2378	0.0141	3
chr3:111637904:G/A	5	1770	0	4	1779	0.0028	0	0.9949	0	2
chr3:129286413:G/C	14	1504	0	261	1779	0.0079	0	0.8454	0	2
chr3:155481609:G/A	1247	7	525	0	1779	0.701	0	0.0039	0.2951	3
chr3:183211687:G/C	4	1748	0	27	1779	0.0022	0	0.9826	0	2
chr3:183211906:A/G	40	1722	0	17	1779	0.0225	0	0.968	0	2
chr3:192078252:G/T	197	0	1560	22	1779	0.1107	0	0	0.8769	0
chr3:31712176:G/T	1517	35	226	1	1779	0.8527	1	0.0197	0.127	1
chr3:31712393:C/T	1515	25	236	3	1779	0.8516	1	0.0141	0.1327	1
chr3:40286017:T/C	151	1626	0	2	1779	0.0849	0	0.914	0	2
chr3:47125385:G/A	34	1494	3	248	1779	0.0191	0	0.8398	0.0017	2
chr3:75718973:T/G	183	0	1596	0	1779	0.1029	0	0	0.8971	0
chr3:75718979:C/T	1749	29	1	0	1779	0.9831	1	0.0163	6e-4	1
chr3:75718980:G/A	1002	0	777	0	1779	0.5632	0	0	0.4368	3
chr3:75718988:C/T	1699	0	80	0	1779	0.955	1	0	0.045	1
chr3:75718989:G/A	780	0	999	0	1779	0.4384	0	0	0.5616	3
chr3:75718992:C/A	999	0	780	0	1779	0.5616	0	0	0.4384	3
chr3:75718997:G/A	1296	0	483	0	1779	0.7285	0	0	0.2715	3
chr3:75719005:C/T	1389	390	0	0	1779	0.7808	0	0.2192	0	3
chr3:75719027:C/T	1623	0	1933	2	3558	0.4562	0	0	0.5433	3
chr3:75719028:G/T	928	0	2628	2	3558	0.2608	0	0	0.7386	0
chr3:75719029:C/A	310	0	1469	0	1779	0.1743	0	0	0.8257	0
chr3:75719048:C/T	647	0	1132	0	1779	0.3637	0	0	0.6363	0
chr3:75719068:C/T	824	0	955	0	1779	0.4632	0	0	0.5368	3
chr3:75719071:C/T	838	0	2642	78	3558	0.2355	0	0	0.7426	0
chr3:75719072:G/A	2535	10	1003	10	3558	0.7125	0	0.0028	0.2819	3
chr3:75719073:A/G	4126	115	433	663	5337	0.7731	0	0.0215	0.0811	3
chr3:75719079:A/G	1263	0	2211	84	3558	0.355	0	0	0.6214	0
chr3:75719083:A/G	1318	1	2230	9	3558	0.3704	0	3e-4	0.6268	0
chr3:75719087:G/A	103	0	1676	0	1779	0.0579	0	0	0.9421	0
chr3:75719091:G/A	474	0	1305	0	1779	0.2664	0	0	0.7336	0
chr3:75719096:T/C	485	1294	0	0	1779	0.2726	0	0.7274	0	3
chr3:75719098:C/T	1709	32	38	0	1779	0.9607	1	0.018	0.0214	1
chr3:75719105:C/A	491	0	1288	0	1779	0.276	0	0	0.724	0
chr3:75719122:C/A	747	0	1032	0	1779	0.4199	0	0	0.5801	3
chr3:75719137:C/A	1723	19	37	0	1779	0.9685	1	0.0107	0.0208	1
chr3:75719138:G/T	78	0	1701	0	1779	0.0438	0	0	0.9562	0
chr3:75719139:C/T	805	0	974	0	1779	0.4525	0	0	0.5475	3
chr3:75719149:C/T	70	0	1709	0	1779	0.0393	0	0	0.9607	0
chr3:75719150:G/A/C	1084	0	2474	0	3558	0.3047	0	0	0.6953	0
chr3:75719154:C/A/T	1687	3	1865	3	3558	0.4741	0	8e-4	0.5242	3
chr3:75719158:C/G/T	468	0	1311	0	1779	0.2631	0	0	0.7369	0
chr3:75719159:G/A/C	1729	56	1717	56	3558	0.4859	0	0.0157	0.4826	3
chr3:7620789:T/C	1338	73	351	17	1779	0.7521	0	0.041	0.1973	3
chr3:7620984:A/G	139	1	1625	14	1779	0.0781	0	6e-4	0.9134	0
chr4:123329066:G/A	57	0	1698	24	1779	0.032	0	0	0.9545	0
chr4:123329079:T/C	151	0	1597	31	1779	0.0849	0	0	0.8977	0
chr4:138449510:T/A	852	15	906	6	1779	0.4789	0	0.0084	0.5093	3
chr4:138449683:A/G	883	18	872	6	1779	0.4963	0	0.0101	0.4902	3
chr4:1806012:-/T	1403	5	1829	321	3558	0.3943	0	0.0014	0.5141	3
chr4:185310218:C/T	1308	390	66	15	1779	0.7352	0	0.2192	0.0371	3
chr4:190878397:-/C	75	2	1649	53	1779	0.0422	0	0.0011	0.9269	0
chr4:190878413:G/A/T	75	3	1647	54	1779	0.0422	0	0.0017	0.9258	0
chr4:190878485:G/A	135	5	1577	62	1779	0.0759	0	0.0028	0.8865	0
chr4:190878504:C/T	86	5	1629	59	1779	0.0483	0	0.0028	0.9157	0
chr4:190878506:C/T	158	7	1547	67	1779	0.0888	0	0.0039	0.8696	0
chr4:190878512:A/G	95	5	1618	61	1779	0.0534	0	0.0028	0.9095	0
chr4:190878538:A/-	77	1601	16	85	1779	0.0433	0	0.8999	0.009	2
chr4:190878542:C/T	76	7	1639	57	1779	0.0427	0	0.0039	0.9213	0
chr4:190878580:A/G	88	6	1626	59	1779	0.0495	0	0.0034	0.914	0
chr4:190878597:C/T	188	9	1516	66	1779	0.1057	0	0.0051	0.8522	0
chr4:26417136:T/C	14	1747	0	18	1779	0.0079	0	0.982	0	2
chr4:4249855:G/A	943	651	104	81	1779	0.5301	0	0.3659	0.0585	3
chr4:4249909:C/T	944	635	104	96	1779	0.5306	0	0.3569	0.0585	3
chr4:48172218:C/T	12	1715	0	52	1779	0.0067	0	0.964	0	2
chr4:48172266:G/A	8	1719	0	52	1779	0.0045	0	0.9663	0	2
chr4:66280063:T/C	95	0	1665	19	1779	0.0534	0	0	0.9359	0
chr4:75246617:A/T	11	1768	0	0	1779	0.0062	0	0.9938	0	2
chr5:112162854:HGMD_MUTATION	1663	8	108	0	1779	0.9348	1	0.0045	0.0607	1
chr5:112899702:A/G	1358	48	368	5	1779	0.7634	0	0.027	0.2069	3
chr5:135382985:G/T	60	0	1637	82	1779	0.0337	0	0	0.9202	0
chr5:135382989:G/C	1069	321	287	102	1779	0.6009	0	0.1804	0.1613	3
chr5:13719017:C/T	91	1	1655	32	1779	0.0512	0	6e-4	0.9303	0
chr5:13719018:G/A	1362	179	196	42	1779	0.7656	0	0.1006	0.1102	3
chr5:13719022:T/G	1348	176	209	46	1779	0.7577	0	0.0989	0.1175	3
chr5:158204425:A/G	1426	299	51	3	1779	0.8016	1	0.1681	0.0287	1
chr5:169461399:G/A	1278	380	100	21	1779	0.7184	0	0.2136	0.0562	3
chr5:169461547:C/T	1268	387	96	28	1779	0.7128	0	0.2175	0.054	3
chr5:177422804:G/A	1534	210	24	11	1779	0.8623	1	0.118	0.0135	1
chr5:177422823:C/T	10	1768	0	1	1779	0.0056	0	0.9938	0	2
chr5:177422876:T/C	6	1772	0	1	1779	0.0034	0	0.9961	0	2
chr5:31302288:C/T	409	1326	6	38	1779	0.2299	0	0.7454	0.0034	3
chr5:34807919:C/T	58	2	1658	61	1779	0.0326	0	0.0011	0.932	0
chr5:34807928:C/T	184	5	3198	171	3558	0.0517	0	0.0014	0.8988	0
chr5:68715310:C/T	1574	188	17	0	1779	0.8848	1	0.1057	0.0096	1
chr6:138724668:C/G	967	643	27	142	1779	0.5436	0	0.3614	0.0152	3
chr6:151152984:G/A	132	0	1624	23	1779	0.0742	0	0	0.9129	0
chr6:160225012:T/G	444	732	166	437	1779	0.2496	0	0.4115	0.0933	3
chr6:167550192:C/T	478	1	1295	5	1779	0.2687	0	6e-4	0.7279	0
chr6:28359111:C/T	647	0	1120	12	1779	0.3637	0	0	0.6296	0
chr6:28359170:A/G	1301	4	437	37	1779	0.7313	0	0.0022	0.2456	3
chr6:31549600:G/A	1434	115	220	10	1779	0.8061	1	0.0646	0.1237	1
chr6:41773576:G/C	1316	304	133	26	1779	0.7397	0	0.1709	0.0748	3
chr6:46867717:C/T	1703	30	45	1	1779	0.9573	1	0.0169	0.0253	1
chr6:7585967:GTCCCGCTCCGG/-	1435	201	125	18	1779	0.8066	1	0.113	0.0703	1
chr6:76421003:A/G	1040	644	65	30	1779	0.5846	0	0.362	0.0365	3
chr7:106799997:G/A	1282	96	379	22	1779	0.7206	0	0.054	0.213	3
chr7:11581121:T/C	5	1773	0	1	1779	0.0028	0	0.9966	0	2
chr7:117235055:HGMD_MUTATION	1161	284	265	69	1779	0.6526	0	0.1596	0.149	3
chr7:127222157:G/A	1657	65	46	11	1779	0.9314	1	0.0365	0.0259	1
chr7:132192231:A/G	6	1772	0	1	1779	0.0034	0	0.9961	0	2
chr7:132192295:G/A	5	1773	0	1	1779	0.0028	0	0.9966	0	2
chr7:137128830:T/C	1512	142	112	13	1779	0.8499	1	0.0798	0.063	1
chr7:50531074:HGMD_MUTATION	118	0	1660	1	1779	0.0663	0	0	0.9331	0
chr7:63602429:G/A	1418	102	254	5	1779	0.7971	0	0.0573	0.1428	3
chr7:76112060:C/T	1388	176	205	10	1779	0.7802	0	0.0989	0.1152	3
chr7:83590852:T/C	1609	47	116	7	1779	0.9044	1	0.0264	0.0652	1
chr7:89856608:C/T	1699	32	47	1	1779	0.955	1	0.018	0.0264	1
chr7:98460824:C/A	1323	255	147	54	1779	0.7437	0	0.1433	0.0826	3
chr8:11162496:A/C	0	1777	0	2	1779	0	0	0.9989	0	2
chr8:126369898:G/C	751	684	200	144	1779	0.4221	0	0.3845	0.1124	3
chr8:23106665:A/G	1481	210	81	7	1779	0.8325	1	0.118	0.0455	1
chr8:24774683:C/A	13	1721	0	45	1779	0.0073	0	0.9674	0	2
chr8:33246685:G/A	1571	97	63	48	1779	0.8831	1	0.0545	0.0354	1
chr8:48777223:C/T	355	0	1420	4	1779	0.1996	0	0	0.7982	0
chr8:48777224:G/A	364	0	1415	0	1779	0.2046	0	0	0.7954	0
chr8:6793540:C/T	1125	90	532	32	1779	0.6324	0	0.0506	0.299	3
chr8:6793581:A/C/G/T	1072	83	579	45	1779	0.6026	0	0.0467	0.3255	3
chr8:72965973:G/A	21	1755	0	3	1779	0.0118	0	0.9865	0	2
chr8:72966002:G/A	10	1766	0	3	1779	0.0056	0	0.9927	0	2
chr8:86389195:C/T	13	1745	0	21	1779	0.0073	0	0.9809	0	2
chr8:86389403:T/C	440	1	1325	13	1779	0.2473	0	6e-4	0.7448	0
chr8:95888307:C/T	76	1462	0	241	1779	0.0427	0	0.8218	0	2
chr9:100190780:A/G	1613	12	154	0	1779	0.9067	1	0.0067	0.0866	1
chr9:117853022:C/T	1219	409	119	32	1779	0.6852	0	0.2299	0.0669	3
chr9:14775779:A/G	757	213	617	192	1779	0.4255	0	0.1197	0.3468	3
chr9:18504916:T/A	1034	138	538	69	1779	0.5812	0	0.0776	0.3024	3
chr9:19472001:T/A	349	0	1389	41	1779	0.1962	0	0	0.7808	0
chr9:22447655:T/A	797	659	187	136	1779	0.448	0	0.3704	0.1051	3
chr9:2811505:G/A/C/T	1572	193	14	0	1779	0.8836	1	0.1085	0.0079	1
chr9:33026572:T/C	1622	5	152	0	1779	0.9117	1	0.0028	0.0854	1
chr9:36169494:G/A	1041	29	701	8	1779	0.5852	0	0.0163	0.394	3
chr9:36169598:T/C	1060	29	681	9	1779	0.5958	0	0.0163	0.3828	3
chr9:37974743:T/C	76	1605	7	91	1779	0.0427	0	0.9022	0.0039	2
chr9:43849637:G/A	1755	0	24	0	1779	0.9865	1	0	0.0135	1
chr9:43849658:G/C	1758	0	21	0	1779	0.9882	1	0	0.0118	1
chr9:43849659:C/T	1759	0	20	0	1779	0.9888	1	0	0.0112	1
chr9:43849812:T/G	1758	0	21	0	1779	0.9882	1	0	0.0118	1
chr9:43849817:A/G	75	1704	0	0	1779	0.0422	0	0.9578	0	2
chr9:5081780:G/A	1686	57	1740	75	3558	0.4739	0	0.016	0.489	3
chr9:75545882:G/A	1646	18	114	1	1779	0.9252	1	0.0101	0.0641	1
chr9:8389364:C/G	1118	46	593	22	1779	0.6284	0	0.0259	0.3333	3
chr9:84607758:T/A	1135	417	163	64	1779	0.638	0	0.2344	0.0916	3
