snpID	Het	Hom	Ref	Na	tot_cell	Prop_het	call_HET	Prop_Hom	Prop_ref	callNGT
chr1:112991698:T/C	17	3160	0	7	3184	0.0053	0	0.9925	0	2
chr1:144852080:T/C	1358	1822	0	4	3184	0.4265	0	0.5722	0	3
chr1:144852167:G/T	3093	25	65	1	3184	0.9714	1	0.0079	0.0204	1
chr1:144852203:T/G	3096	25	63	0	3184	0.9724	1	0.0079	0.0198	1
chr1:144852235:T/C	3112	19	53	0	3184	0.9774	1	0.006	0.0166	1
chr1:144852236:C/G	3111	19	54	0	3184	0.9771	1	0.006	0.017	1
chr1:144852249:C/T	1392	1790	1	1	3184	0.4372	0	0.5622	3e-4	3
chr1:144852254:G/C	3093	35	56	0	3184	0.9714	1	0.011	0.0176	1
chr1:158533140:A/G	1697	1411	3	73	3184	0.533	0	0.4432	9e-4	3
chr1:165377389:T/C	2	3179	0	3	3184	6e-4	0	0.9984	0	2
chr1:165377552:G/A	2177	0	1007	0	3184	0.6837	0	0	0.3163	3
chr1:167849414:A/G	1346	0	1838	0	3184	0.4227	0	0	0.5773	3
chr1:173878832:T/C	24	3160	0	0	3184	0.0075	0	0.9925	0	2
chr1:182443462:T/C	2950	142	44	48	3184	0.9265	1	0.0446	0.0138	1
chr1:196801042:G/T	27	3153	0	4	3184	0.0085	0	0.9903	0	2
chr1:209782121:G/T	2044	1135	2	3	3184	0.642	0	0.3565	6e-4	3
chr1:209782343:A/G	1900	0	1284	0	3184	0.5967	0	0	0.4033	3
chr1:229738170:T/G	39	3140	0	5	3184	0.0122	0	0.9862	0	2
chr1:236700807:T/A	2271	123	757	33	3184	0.7133	0	0.0386	0.2378	3
chr1:236700823:T/C	2277	117	757	33	3184	0.7151	0	0.0367	0.2378	3
chr1:248039713:A/G	2636	1	546	1	3184	0.8279	1	3e-4	0.1715	1
chr1:881627:G/A	32	3073	0	79	3184	0.0101	0	0.9651	0	2
chr1:94341137:C/T	26	2940	0	218	3184	0.0082	0	0.9234	0	2
chr1:94341267:A/G	2	3175	0	7	3184	6e-4	0	0.9972	0	2
chr10:105941167:G/T	3034	144	5	1	3184	0.9529	1	0.0452	0.0016	1
chr10:114200355:G/A	2209	116	819	40	3184	0.6938	0	0.0364	0.2572	3
chr10:128974621:C/T	2154	136	848	46	3184	0.6765	0	0.0427	0.2663	3
chr10:1717343:G/T	2521	51	374	238	3184	0.7918	0	0.016	0.1175	3
chr10:28228865:A/G	2608	123	401	52	3184	0.8191	1	0.0386	0.1259	1
chr10:33015782:G/A	11	3127	0	46	3184	0.0035	0	0.9821	0	2
chr10:47000071:G/A	1519	9	1643	13	3184	0.4771	0	0.0028	0.516	3
chr10:47000079:T/C	2782	303	85	14	3184	0.8737	1	0.0952	0.0267	1
chr10:47000188:A/G	11	3159	0	14	3184	0.0035	0	0.9921	0	2
chr10:47000217:G/A	2588	35	548	13	3184	0.8128	1	0.011	0.1721	1
chr10:47000239:C/T	2798	286	86	14	3184	0.8788	1	0.0898	0.027	1
chr10:64945364:G/A	1944	802	281	157	3184	0.6106	0	0.2519	0.0883	3
chr10:69773841:G/A	1946	27	909	302	3184	0.6112	0	0.0085	0.2855	3
chr10:73455201:T/C	2156	121	866	41	3184	0.6771	0	0.038	0.272	3
chr10:73455273:T/C	2200	116	829	39	3184	0.691	0	0.0364	0.2604	3
chr10:73455308:T/C	2203	119	824	38	3184	0.6919	0	0.0374	0.2588	3
chr10:84745256:C/T	21	3144	0	19	3184	0.0066	0	0.98740000000000006	0	2
chr10:88730177:A/G	308	18	2798	60	3184	0.0967	0	0.0057	0.8788	0
chr10:88730312:T/C	238	16	2850	80	3184	0.0747	0	0.005	0.8951	0
chr10:93608035:G/A	1942	42	1142	58	3184	0.6099	0	0.0132	0.3587	3
chr10:93608142:G/A	2206	860	88	30	3184	0.6928	0	0.2701	0.0276	3
chr10:99219885:G/A	14	3168	0	2	3184	0.0044	0	0.995	0	2
chr11:10555589:A/G	2956	5	223	0	3184	0.9284	1	0.0016	0.07	1
chr11:108119615:C/A	595	9	2256	324	3184	0.1869	0	0.0028	0.7085	0
chr11:108384207:C/T	27	2976	1	180	3184	0.0085	0	0.9347	3e-4	2
chr11:125848261:C/T	3123	96	3037	112	6368	0.4904	0	0.0151	0.4769	3
chr11:20104669:G/A	2914	257	8	5	3184	0.9152	1	0.0807	0.0025	1
chr11:32125855:A/G	16	3163	0	5	3184	0.005	0	0.9934	0	2
chr11:36458777:C/A	2859	9	315	1	3184	0.8979	1	0.0028	0.0989	1
chr11:48346822:A/C	1722	0	1461	1	3184	0.5408	0	0	0.4589	3
chr11:48346843:C/T	1737	0	1445	2	3184	0.5455	0	0	0.4538	3
chr11:48346916:G/C	1387	0	1795	2	3184	0.4356	0	0	0.5638	3
chr11:48346924:T/C	1398	0	1784	2	3184	0.4391	0	0	0.5603	3
chr11:48346932:G/A	1401	0	1781	2	3184	0.44	0	0	0.5594	3
chr11:48346961:A/T	1376	0	1807	1	3184	0.4322	0	0	0.5675	3
chr11:48346962:A/G	1391	0	1791	2	3184	0.4369	0	0	0.5625	3
chr11:48346999:T/G	912	0	2268	4	3184	0.2864	0	0	0.7123	0
chr11:48347014:G/A	1433	0	1746	5	3184	0.4501	0	0	0.5484	3
chr11:48347023:C/T	1443	0	1730	11	3184	0.4532	0	0	0.5433	3
chr11:56058197:G/A	94	2817	2	271	3184	0.0295	0	0.8847	6e-4	2
chr11:7324475:T/C	4	3167	0	13	3184	0.0013	0	0.9947	0	2
chr11:92523357:C/A/G	207	0	2969	8	3184	0.065	0	0	0.9325	0
chr12:102158763:T/C	15	3166	0	3	3184	0.0047	0	0.9943	0	2
chr12:11244166:G/C	131	3050	0	3	3184	0.0411	0	0.9579	0	2
chr12:11244194:T/C	147	3035	0	2	3184	0.0462	0	0.9532	0	2
chr12:14018777:HGMD_MUTATION	2851	86	187	60	3184	0.8954	1	0.027	0.0587	1
chr12:16347308:G/A	17	3113	0	54	3184	0.0053	0	0.9777	0	2
chr12:25164366:A/G	971	2114	6	93	3184	0.305	0	0.6639	0.0019	3
chr12:311832:C/T	1708	803	398	275	3184	0.5364	0	0.2522	0.125	3
chr12:311949:A/G	1743	737	402	302	3184	0.5474	0	0.2315	0.1263	3
chr12:33579108:C/T	766	0	2416	2	3184	0.2406	0	0	0.7588	0
chr12:72307616:A/G	56	2586	3	539	3184	0.0176	0	0.8122	9e-4	2
chr12:94972290:C/T	2954	92	137	1	3184	0.9278	1	0.0289	0.043	1
chr12:9833524:C/G	2686	341	140	17	3184	0.8436	1	0.1071	0.044	1
chr12:9833628:HGMD_MUTATION	2720	323	134	7	3184	0.8543	1	0.1014	0.0421	1
chr13:79940811:T/C	68	3003	2	111	3184	0.0214	0	0.9432	6e-4	2
chr14:58838668:A/G	2904	139	138	3	3184	0.9121	1	0.0437	0.0433	1
chr14:58838701:C/T	2903	138	140	3	3184	0.9117	1	0.0433	0.044	1
chr14:64574140:C/A	14	3160	0	10	3184	0.0044	0	0.9925	0	2
chr14:78197365:C/T	173	3007	0	4	3184	0.0543	0	0.9444	0	2
chr15:29544523:A/C	2582	527	72	3	3184	0.8109	1	0.1655	0.0226	1
chr15:29544656:T/C	2592	519	71	2	3184	0.8141	1	0.163	0.0223	1
chr15:40590134:G/A	115	2849	0	220	3184	0.0361	0	0.8948	0	2
chr15:53994493:A/G	36	3099	0	49	3184	0.0113	0	0.9733	0	2
chr15:73541513:A/G	2805	352	27	0	3184	0.881	1	0.1106	0.0085	1
chr15:94883929:A/G	2299	88	777	20	3184	0.722	0	0.0276	0.244	3
chr15:94884108:G/C	2280	81	802	21	3184	0.7161	0	0.0254	0.2519	3
chr16:12666279:G/A	17	3167	0	0	3184	0.0053	0	0.9947	0	2
chr16:12666381:C/T	128	3056	0	0	3184	0.0402	0	0.9598	0	2
chr16:12666389:G/T	131	3053	0	0	3184	0.0411	0	0.9589	0	2
chr16:12666390:-/T	127	0	3057	0	3184	0.0399	0	0	0.9601	0
chr16:12666439:C/G	5	3179	0	0	3184	0.0016	0	0.9984	0	2
chr16:14989420:C/T	3122	10	52	0	3184	0.9805	1	0.0031	0.0163	1
chr16:19067933:G/A	2933	46	205	0	3184	0.9212	1	0.0144	0.0644	1
chr16:25137289:G/C	70	2672	3	439	3184	0.022	0	0.8392	9e-4	2
chr16:396264:A/G	1444	702	698	340	3184	0.4535	0	0.2205	0.2192	3
chr16:5132636:C/T	62	3122	0	0	3184	0.0195	0	0.9805	0	2
chr16:52473263:A/G	122	3062	0	0	3184	0.0383	0	0.9617	0	2
chr16:55601388:A/G	2810	12	354	8	3184	0.8825	1	0.0038	0.1112	1
chr16:57786711:C/T	1568	255	1108	253	3184	0.4925	0	0.0801	0.348	3
chr16:66812653:T/A	21	3161	0	2	3184	0.0066	0	0.9928	0	2
chr16:66812797:C/T	255	2925	0	4	3184	0.0801	0	0.9187	0	2
chr16:72130125:T/C	3044	4	136	0	3184	0.956	1	0.0013	0.0427	1
chr16:72130203:C/G	2932	4	227	21	3184	0.9209	1	0.0013	0.0713	1
chr16:84115483:G/A	2896	274	14	0	3184	0.9095	1	0.0861	0.0044	1
chr16:9002269:T/C	739	0	2445	0	3184	0.2321	0	0	0.7679	0
chr17:11958053:A/G	13	3061	0	110	3184	0.0041	0	0.9614	0	2
chr17:14095309:A/G	78	3015	0	91	3184	0.0245	0	0.9469	0	2
chr17:15217389:G/A	33	3012	0	139	3184	0.0104	0	0.946	0	2
chr17:15217437:C/G	6	3049	0	129	3184	0.0019	0	0.9576	0	2
chr17:18775900:A/G	1948	495	605	136	3184	0.6118	0	0.1555	0.19	3
chr17:21319436:G/A	2078	15	1056	35	3184	0.6526	0	0.0047	0.3317	3
chr17:21319439:T/G	2076	15	1058	35	3184	0.652	0	0.0047	0.3323	3
chr17:21319452:G/A	1451	14	1687	32	3184	0.4557	0	0.0044	0.5298	3
chr17:21319465:T/C	2081	15	1057	31	3184	0.6536	0	0.0047	0.332	3
chr17:21319470:T/C	2087	15	1051	31	3184	0.6555	0	0.0047	0.3301	3
chr17:21319473:G/A	2887	39	256	2	3184	0.9067	1	0.0122	0.0804	1
chr17:21319488:C/T	1441	14	1719	10	3184	0.4526	0	0.0044	0.5399	3
chr17:21319543:G/A	2951	4	214	15	3184	0.9268	1	0.0013	0.0672	1
chr17:21319560:G/T	2945	4	222	13	3184	0.92490000000000006	1	0.0013	0.0697	1
chr17:21319650:C/T	3073	4	107	0	3184	0.9651	1	0.0013	0.0336	1
chr17:31618551:G/A	2148	450	413	173	3184	0.6746	0	0.1413	0.1297	3
chr17:31618732:A/G	2152	455	404	173	3184	0.6759	0	0.1429	0.1269	3
chr17:5991344:C/T	84	2517	1	582	3184	0.0264	0	0.7905	3e-4	3
chr17:61573761:T/C	2701	24	3263	380	6368	0.4242	0	0.0038	0.5124	3
chr17:6942108:C/T	31	2990	0	163	3184	0.0097	0	0.9391	0	2
chr17:80544855:T/C	2925	141	116	2	3184	0.9187	1	0.0443	0.0364	1
chr18:10487918:C/T	590	2561	1	32	3184	0.1853	0	0.8043	3e-4	2
chr18:13116235:C/T	1440	308	1242	194	3184	0.4523	0	0.0967	0.3901	3
chr18:13116432:G/T	12	2948	0	224	3184	0.0038	0	0.9259	0	2
chr18:19996011:A/G	198	2986	0	0	3184	0.0622	0	0.9378	0	2
chr18:70526036:A/T	288	2	2742	152	3184	0.0905	0	6e-4	0.8612	0
chr18:72347482:T/C	3127	2	55	0	3184	0.9821	1	6e-4	0.0173	1
chr19:10226283:T/C	246	1	2898	39	3184	0.0773	0	3e-4	0.9102	0
chr19:19625547:A/G	1957	400	644	183	3184	0.6146	0	0.1256	0.2023	3
chr19:19625584:G/A	1970	530	475	209	3184	0.6187	0	0.1665	0.1492	3
chr19:24015602:C/T	3077	385	2517	389	6368	0.4832	0	0.0605	0.3953	3
chr19:303221:C/A	242	0	2909	33	3184	0.076	0	0	0.9136	0
chr19:303225:A/G	1732	150	3820	666	6368	0.272	0	0.0236	0.5999	3
chr19:303293:-/CTC	111	0	2925	148	3184	0.0349	0	0	0.9187	0
chr19:303306:A/C	196	0	2847	141	3184	0.0616	0	0	0.8942	0
chr19:37642830:G/A	2461	521	134	68	3184	0.7729	0	0.1636	0.0421	3
chr19:38382328:C/T	1148	2035	1	0	3184	0.3606	0	0.6391	3e-4	3
chr19:44001379:T/C	2837	318	29	0	3184	0.891	1	0.0999	0.0091	1
chr19:46543566:C/T	2806	281	89	8	3184	0.8813	1	0.0883	0.028	1
chr19:47193850:T/C	2771	364	45	4	3184	0.8703	1	0.1143	0.0141	1
chr19:58058536:A/G	2249	286	126	523	3184	0.7063	0	0.0898	0.0396	3
chr19:58058739:T/C	8	3172	0	4	3184	0.0025	0	0.9962	0	2
chr19:5831672:HGMD_MUTATION	9	2957	0	218	3184	0.0028	0	0.9287	0	2
chr19:5831724:T/C	109	2852	2	221	3184	0.0342	0	0.8957	6e-4	2
chr19:8201249:-/A	12	3164	0	8	3184	0.0038	0	0.9937	0	2
chr2:271870:C/G	321	1	2784	78	3184	0.1008	0	3e-4	0.8744	0
chr2:38178339:A/G	1243	0	1940	1	3184	0.3904	0	0	0.6093	0
chr2:38178362:T/C	6	3177	0	1	3184	0.0019	0	0.9978	0	2
chr2:48906360:A/G	332	2305	3	544	3184	0.1043	0	0.7239	9e-4	3
chr20:20033242:A/T	14	2948	0	222	3184	0.0044	0	0.9259	0	2
chr20:20033319:A/G	2	2971	0	211	3184	6e-4	0	0.9331	0	2
chr20:20033380:A/G	20	2957	0	207	3184	0.0063	0	0.9287	0	2
chr20:23345844:A/C/G/T	12	3024	0	148	3184	0.0038	0	0.9497	0	2
chr20:23345866:C/T	237	4	2848	95	3184	0.0744	0	0.0013	0.8945	0
chr20:238435:C/T	3008	165	11	0	3184	0.9447	1	0.0518	0.0035	1
chr20:52198340:T/A	3048	50	85	1	3184	0.9573	1	0.0157	0.0267	1
chr20:55033476:C/G	52	3111	3	18	3184	0.0163	0	0.9771	9e-4	2
chr20:6065729:C/T	1848	871	274	191	3184	0.5804	0	0.2736	0.0861	3
chr20:6065731:T/C	1843	877	271	193	3184	0.5788	0	0.2754	0.0851	3
chr21:14982469:A/G	395	0	2788	1	3184	0.1241	0	0	0.8756	0
chr21:33846130:T/A	773	660	1038	713	3184	0.2428	0	0.2073	0.326	3
chr21:35260481:T/C	3085	66	18	15	3184	0.9689	1	0.0207	0.0057	1
chr21:44188956:C/G/T	20	3163	0	1	3184	0.0063	0	0.9934	0	2
chr22:18359501:C/G	50	1	3039	94	3184	0.0157	0	3e-4	0.9545	0
chr22:21066789:A/G	2485	567	110	22	3184	0.7805	0	0.1781	0.0345	3
chr22:24087319:A/C	2822	29	331	2	3184	0.8863	1	0.0091	0.104	1
chr22:29446611:A/C	36	3137	0	11	3184	0.0113	0	0.9852	0	2
chr22:37469591:G/A	2340	523	176	145	3184	0.7349	0	0.1643	0.0553	3
chr22:44368122:A/G	4	3146	0	34	3184	0.0013	0	0.9881	0	2
chr22:44368204:A/G	41	3075	2	66	3184	0.0129	0	0.9658	6e-4	2
chr3:111637816:A/G	2772	14	396	2	3184	0.8706	1	0.0044	0.1244	1
chr3:111637904:G/A	5	3176	0	3	3184	0.0016	0	0.9975	0	2
chr3:111637931:A/G	2839	331	11	3	3184	0.8916	1	0.104	0.0035	1
chr3:129286413:G/C	19	2924	1	240	3184	0.006	0	0.9183	3e-4	2
chr3:155481609:G/A	3118	26	39	1	3184	0.9793	1	0.0082	0.0122	1
chr3:183211687:G/C	6	3148	1	29	3184	0.0019	0	0.9887	3e-4	2
chr3:183211906:A/G	39	3129	0	16	3184	0.0122	0	0.9827	0	2
chr3:31712176:G/T	8	3171	0	5	3184	0.0025	0	0.9959	0	2
chr3:31712393:C/T	819	2349	4	12	3184	0.2572	0	0.7378	0.0013	3
chr3:40286017:T/C	294	2886	0	4	3184	0.0923	0	0.9064	0	2
chr3:47125385:G/A	191	2132	12	849	3184	0.06	0	0.6696	0.0038	3
chr3:47165548:G/A	26	3145	0	13	3184	0.0082	0	0.9878	0	2
chr3:75718973:T/G	492	0	2692	0	3184	0.1545	0	0	0.8455	0
chr3:75718979:C/T	3116	66	2	0	3184	0.9786	1	0.0207	6e-4	1
chr3:75718980:G/A	2029	0	1155	0	3184	0.6372	0	0	0.3628	3
chr3:75718988:C/T	3046	1	137	0	3184	0.9567	1	3e-4	0.043	1
chr3:75718989:G/A	1126	0	2058	0	3184	0.3536	0	0	0.6464	0
chr3:75718992:C/A	2020	0	1164	0	3184	0.6344	0	0	0.3656	3
chr3:75718997:G/A	2875	0	309	0	3184	0.903	1	0	0.097	1
chr3:75719005:C/T	2669	514	1	0	3184	0.8383	1	0.1614	3e-4	1
chr3:75719027:C/T	3035	3	3325	5	6368	0.4766	0	5e-4	0.5221	3
chr3:75719028:G/T	1552	0	4814	2	6368	0.2437	0	0	0.756	0
chr3:75719039:C/T	114	0	3069	1	3184	0.0358	0	0	0.9639	0
chr3:75719048:C/T	663	0	2520	1	3184	0.2082	0	0	0.7915	0
chr3:75719068:C/T	1409	0	1774	1	3184	0.4425	0	0	0.5572	3
chr3:75719071:C/T	1481	3	1487	213	3184	0.4651	0	9e-4	0.467	3
chr3:75719072:G/A	7272	39	1077	1164	9552	0.7613	0	0.0041	0.1128	3
chr3:75719073:A/G	7640	120	775	1017	9552	0.7998	0	0.0126	0.0811	3
chr3:75719079:A/G	2047	2	3883	436	6368	0.3215	0	3e-4	0.6098	0
chr3:75719083:A/G	2730	9	3548	81	6368	0.4287	0	0.0014	0.5572	3
chr3:75719087:G/A	451	0	2732	1	3184	0.1416	0	0	0.858	0
chr3:75719096:T/C	368	2815	0	1	3184	0.1156	0	0.8841	0	2
chr3:75719098:C/T	3078	42	3204	44	6368	0.4834	0	0.0066	0.5031	3
chr3:75719105:C/A	571	0	2612	1	3184	0.1793	0	0	0.8204	0
chr3:75719122:C/A	1167	0	2016	1	3184	0.3665	0	0	0.6332	0
chr3:75719137:C/A	3091	24	3227	26	6368	0.4854	0	0.0038	0.5068	3
chr3:75719139:C/T	1398	0	1785	1	3184	0.4391	0	0	0.5606	3
chr3:75719149:C/T	260	0	2923	1	3184	0.0817	0	0	0.918	0
chr3:75719150:G/A/C	1402	0	1780	2	3184	0.4403	0	0	0.559	3
chr3:75719154:C/A/T	3117	20	3209	22	6368	0.4895	0	0.0031	0.5039	3
chr3:75719159:G/A/C	3132	79	3076	81	6368	0.4918	0	0.0124	0.483	3
chr3:7620984:A/G	202	0	2969	13	3184	0.0634	0	0	0.9325	0
chr4:138449510:T/A	2993	55	132	4	3184	0.94	1	0.0173	0.0415	1
chr4:138449683:A/G	3011	60	113	0	3184	0.9457	1	0.0188	0.0355	1
chr4:17875932:G/A	2881	137	163	3	3184	0.9048	1	0.043	0.0512	1
chr4:185310218:C/T	3157	13	14	0	3184	0.9915	1	0.0041	0.0044	1
chr4:190878538:A/-	3074	55	55	0	3184	0.9655	1	0.0173	0.0173	1
chr4:26417136:T/C	2846	158	167	13	3184	0.8938	1	0.0496	0.0524	1
chr4:40337908:T/C	2751	179	239	15	3184	0.864	1	0.0562	0.0751	1
chr4:4249855:G/A	1902	775	372	135	3184	0.5974	0	0.2434	0.1168	3
chr4:4249909:C/T	1898	763	376	147	3184	0.5961	0	0.2396	0.1181	3
chr4:48172218:C/T	14	3161	0	9	3184	0.0044	0	0.9928	0	2
chr4:48172266:G/A	15	3160	0	9	3184	0.0047	0	0.9925	0	2
chr4:75246617:A/T	15	3167	0	2	3184	0.0047	0	0.9947	0	2
chr4:90169925:A/G	2907	82	194	1	3184	0.913	1	0.0258	0.0609	1
chr4:90170118:A/G	2912	78	194	0	3184	0.9146	1	0.0245	0.0609	1
chr5:112162854:HGMD_MUTATION	416	2768	0	0	3184	0.1307	0	0.8693	0	2
chr5:135382989:G/C	2513	573	75	23	3184	0.7893	0	0.18	0.0236	3
chr5:13719018:G/A	2933	70	163	18	3184	0.9212	1	0.022	0.0512	1
chr5:13719022:T/G	2925	63	176	20	3184	0.9187	1	0.0198	0.0553	1
chr5:158204425:A/G	8	3161	0	15	3184	0.0025	0	0.9928	0	2
chr5:177422876:T/C	8	3140	0	36	3184	0.0025	0	0.9862	0	2
chr5:177422908:A/G	18	3130	0	36	3184	0.0057	0	0.983	0	2
chr5:31302288:C/T	2697	20	455	12	3184	0.847	1	0.0063	0.1429	1
chr5:34807928:C/T	263	2825	2	94	3184	0.0826	0	0.8872	6e-4	2
chr5:50057729:G/A/T	38	3043	1	102	3184	0.0119	0	0.9557	3e-4	2
chr5:5242218:G/T	21	3148	0	15	3184	0.0066	0	0.9887	0	2
chr5:5242228:C/T	21	3149	0	14	3184	0.0066	0	0.989	0	2
chr5:61645870:A/G	2820	187	175	2	3184	0.8857	1	0.0587	0.055	1
chr5:68715310:C/T	12	3172	0	0	3184	0.0038	0	0.9962	0	2
chr5:9154659:G/C	3095	31	35	23	3184	0.972	1	0.0097	0.011	1
chr6:11755147:C/T	20	3163	0	1	3184	0.0063	0	0.9934	0	2
chr6:11755329:A/T	52	3120	4	8	3184	0.0163	0	0.9799	0.0013	2
chr6:151152891:C/T	231	1	2949	3	3184	0.0726	0	3e-4	0.9262	0
chr6:21201493:G/A	22	3161	0	1	3184	0.0069	0	0.9928	0	2
chr6:28359111:C/T	1146	3	2007	28	3184	0.3599	0	9e-4	0.6303	0
chr6:28359170:A/G	2157	346	170	511	3184	0.6774	0	0.1087	0.0534	3
chr6:348730:A/G	2220	0	964	0	3184	0.6972	0	0	0.3028	3
chr6:348906:G/A	3168	11	5	0	3184	0.995	1	0.0035	0.0016	1
chr6:46867717:C/T	20	3163	0	1	3184	0.0063	0	0.9934	0	2
chr6:7585967:GTCCCGCTCCGG/-	4	3171	0	9	3184	0.0013	0	0.9959	0	2
chr7:11581003:G/A	2592	19	403	170	3184	0.8141	1	0.006	0.1266	1
chr7:11581121:T/C	4	3171	0	9	3184	0.0013	0	0.9959	0	2
chr7:127222157:G/A	31	3128	3	22	3184	0.0097	0	0.9824	9e-4	2
chr7:137128830:T/C	3086	83	4	11	3184	0.9692	1	0.0261	0.0013	1
chr7:149556518:C/T	2919	74	186	5	3184	0.9168	1	0.0232	0.0584	1
chr7:302781:C/G	2018	282	529	355	3184	0.6338	0	0.0886	0.1661	3
chr7:50531074:HGMD_MUTATION	206	0	2978	0	3184	0.0647	0	0	0.9353	0
chr7:63602429:G/A	19	3160	0	5	3184	0.006	0	0.9925	0	2
chr7:76111994:C/G	2759	160	255	10	3184	0.8665	1	0.0503	0.0801	1
chr7:76112060:C/T	29	3142	0	13	3184	0.0091	0	0.9868	0	2
chr7:83590852:T/C	153	3018	0	13	3184	0.0481	0	0.9479	0	2
chr7:98460824:C/A	28	3022	0	134	3184	0.0088	0	0.9491	0	2
chr8:11162496:A/C	2837	332	15	0	3184	0.891	1	0.1043	0.0047	1
chr8:24774683:C/A	31	3088	0	65	3184	0.0097	0	0.9698	0	2
chr8:29197672:A/G	25	3066	0	93	3184	0.0079	0	0.9629	0	2
chr8:48777223:C/T	419	0	2765	0	3184	0.1316	0	0	0.8684	0
chr8:48777224:G/A	427	0	2757	0	3184	0.1341	0	0	0.8659	0
chr8:57892518:A/G	2665	25	490	4	3184	0.837	1	0.0079	0.1539	1
chr8:6793540:C/T	2439	77	660	8	3184	0.766	0	0.0242	0.2073	3
chr8:72965973:G/A	3165	10	9	0	3184	0.994	1	0.0031	0.0028	1
chr8:72966002:G/A	3161	11	12	0	3184	0.9928	1	0.0035	0.0038	1
chr8:86389195:C/T	20	3162	0	2	3184	0.0063	0	0.9931	0	2
chr8:95888307:C/T	90	3090	0	4	3184	0.0283	0	0.9705	0	2
chr9:100190780:A/G	2938	4	241	1	3184	0.9227	1	0.0013	0.0757	1
chr9:117853022:C/T	2671	49	457	7	3184	0.8389	1	0.0154	0.1435	1
chr9:127996046:A/G	2740	47	393	4	3184	0.8606	1	0.0148	0.1234	1
chr9:18504916:T/A	2599	23	558	4	3184	0.8163	1	0.0072	0.1753	1
chr9:19472001:T/A	565	2577	19	23	3184	0.1774	0	0.8094	0.006	2
chr9:2811505:G/A/C/T	2988	6	189	1	3184	0.9384	1	0.0019	0.0594	1
chr9:37974743:T/C	131	2921	14	118	3184	0.0411	0	0.9174	0.0044	2
chr9:43849637:G/A	3174	2	8	0	3184	0.9969	1	6e-4	0.0025	1
chr9:43849658:G/C	3175	2	7	0	3184	0.9972	1	6e-4	0.0022	1
chr9:43849659:C/T	3175	2	7	0	3184	0.9972	1	6e-4	0.0022	1
chr9:43849812:T/G	3101	0	83	0	3184	0.9739	1	0	0.0261	1
chr9:43849817:A/G	3174	1	9	0	3184	0.9969	1	3e-4	0.0028	1
chr9:5081585:A/G	2949	219	16	0	3184	0.9262	1	0.0688	0.005	1
chr9:5081780:G/A	2969	154	38	23	3184	0.9325	1	0.0484	0.0119	1
chr9:69238268:G/A	2938	234	12	0	3184	0.9227	1	0.0735	0.0038	1
chr9:75545882:G/A	2987	8	187	2	3184	0.9381	1	0.0025	0.0587	1
chr9:8389364:C/G	2878	200	84	22	3184	0.9039	1	0.0628	0.0264	1
chr9:84607758:T/A	2676	436	59	13	3184	0.8405	1	0.1369	0.0185	1
chr9:95888667:T/C	1721	863	363	237	3184	0.5405	0	0.271	0.114	3
