snpID	Het	Hom	Ref	Na	tot_cell	Prop_het	call_HET	Prop_Hom	Prop_ref	callNGT
chr1:150808889:C/G	148	3066	1	42	3257	0.0454	0	0.9414	3e-4	2
chr1:165377389:T/C	5	3250	0	2	3257	0.0015	0	0.9979	0	2
chr1:173878832:T/C	43	3214	0	0	3257	0.0132	0	0.9868	0	2
chr1:182443462:T/C	983	2255	5	14	3257	0.3018	0	0.6924	0.0015	3
chr1:201047075:HGMD_MUTATION	67	3147	3	40	3257	0.0206	0	0.9662	9e-4	2
chr1:201047078:C/T	2238	961	16	42	3257	0.6871	0	0.2951	0.0049	3
chr1:209782121:G/T	2552	682	17	6	3257	0.7835	0	0.2094	0.0052	3
chr1:209782343:A/G	2424	13	815	5	3257	0.7442	0	0.004	0.2502	3
chr1:222721288:C/T	2079	7	872	299	3257	0.6383	0	0.0021	0.2677	3
chr1:229738170:T/G	2855	378	22	2	3257	0.8766	1	0.1161	0.0068	1
chr1:85016112:C/T	13	3055	0	189	3257	0.004	0	0.938	0	2
chr1:85016177:A/G	32	3036	0	189	3257	0.0098	0	0.9321	0	2
chr10:105940966:T/C	3115	83	59	0	3257	0.9564	1	0.0255	0.0181	1
chr10:105941167:G/T	1179	2078	0	0	3257	0.362	0	0.638	0	3
chr10:1717343:G/T	2531	43	415	268	3257	0.7771	0	0.0132	0.1274	3
chr10:33015782:G/A	20	3003	0	234	3257	0.0061	0	0.922	0	2
chr10:47000071:G/A	3144	11	102	0	3257	0.9653	1	0.0034	0.0313	1
chr10:47000079:T/C	3151	94	12	0	3257	0.9675	1	0.0289	0.0037	1
chr10:47000188:A/G	10	3247	0	0	3257	0.0031	0	0.9969	0	2
chr10:47000239:C/T	3134	102	21	0	3257	0.9622	1	0.0313	0.0064	1
chr10:54074757:A/G	2788	353	105	11	3257	0.856	1	0.1084	0.0322	1
chr10:7762893:T/C	299	2	2952	4	3257	0.0918	0	6e-4	0.9064	0
chr10:84745256:C/T	3011	150	89	7	3257	0.9245	1	0.0461	0.0273	1
chr10:88730177:A/G	2273	333	523	128	3257	0.6979	0	0.1022	0.1606	3
chr10:93744:T/C	1243	33	1924	57	3257	0.3816	0	0.0101	0.5907	3
chr10:93945:C/T	2426	264	513	54	3257	0.7449	0	0.0811	0.1575	3
chr11:103780455:A/G	2617	277	341	22	3257	0.8035	1	0.085	0.1047	1
chr11:10555589:A/G	3150	50	57	0	3257	0.9671	1	0.0154	0.0175	1
chr11:108384207:C/T	57	3069	0	131	3257	0.0175	0	0.9423	0	2
chr11:125848261:C/T	2934	221	2860	499	6514	0.4504	0	0.0339	0.4391	3
chr11:26705310:A/G	2273	325	518	141	3257	0.6979	0	0.0998	0.159	3
chr11:32125855:A/G	2833	185	227	12	3257	0.8698	1	0.0568	0.0697	1
chr11:32125961:C/T	774	0	2478	5	3257	0.2376	0	0	0.7608	0
chr11:48346822:A/C	2133	5	1118	1	3257	0.6549	0	0.0015	0.3433	3
chr11:48346843:C/T	2150	6	1100	1	3257	0.6601	0	0.0018	0.3377	3
chr11:48346916:G/C	1558	5	1693	1	3257	0.4784	0	0.0015	0.5198	3
chr11:48346924:T/C	1566	5	1685	1	3257	0.4808	0	0.0015	0.5173	3
chr11:48346932:G/A	1567	5	1684	1	3257	0.4811	0	0.0015	0.517	3
chr11:48346961:A/T	1542	5	1709	1	3257	0.4734	0	0.0015	0.5247	3
chr11:48346962:A/G	1561	5	1690	1	3257	0.4793	0	0.0015	0.5189	3
chr11:48346996:G/A	776	4	2476	1	3257	0.2383	0	0.0012	0.7602	0
chr11:48346999:T/G	1248	5	2000	4	3257	0.3832	0	0.0015	0.6141	0
chr11:48347014:G/A	1613	5	1630	9	3257	0.4952	0	0.0015	0.5005	3
chr11:48347023:C/T	1608	5	1632	12	3257	0.49370000000000003	0	0.0015	0.5011	3
chr11:67431914:G/A	2250	381	527	99	3257	0.6908	0	0.117	0.1618	3
chr11:7324475:T/C	7	3228	0	22	3257	0.0021	0	0.9911	0	2
chr11:92523357:C/A/G	901	1	2348	7	3257	0.2766	0	3e-4	0.7209	0
chr12:102158763:T/C	28	3222	0	7	3257	0.0086	0	0.9893	0	2
chr12:11244091:C/T	159	3	3084	11	3257	0.0488	0	9e-4	0.9469	0
chr12:11244102:G/C	165	5	3077	10	3257	0.0507	0	0.0015	0.9447	0
chr12:11244117:A/G	183	5	3058	11	3257	0.0562	0	0.0015	0.9389	0
chr12:11244149:G/A	163	5	3078	11	3257	0.05	0	0.0015	0.945	0
chr12:11244169:G/A	181	6	3060	10	3257	0.0556	0	0.0018	0.9395	0
chr12:11244190:A/G	173	5	3069	10	3257	0.0531	0	0.0015	0.9423	0
chr12:11244225:A/G	210	6	3031	10	3257	0.0645	0	0.0018	0.9306	0
chr12:11244234:T/C	206	6	3035	10	3257	0.0632	0	0.0018	0.9318	0
chr12:11244243:T/G	186	6	3054	11	3257	0.0571	0	0.0018	0.9377	0
chr12:11244252:G/T	162	5	3079	11	3257	0.0497	0	0.0015	0.9453	0
chr12:11244261:G/C	191	6	3050	10	3257	0.0586	0	0.0018	0.9364	0
chr12:11244265:G/A	196	6	3044	11	3257	0.0602	0	0.0018	0.9346	0
chr12:14018777:HGMD_MUTATION	676	2366	51	164	3257	0.2076	0	0.7264	0.0157	3
chr12:16347308:G/A	2534	254	399	70	3257	0.778	0	0.078	0.1225	3
chr12:25398284:HGMD_MUTATION	2930	143	179	5	3257	0.8996	1	0.0439	0.055	1
chr12:54970236:G/A	2409	319	435	94	3257	0.7396	0	0.0979	0.1336	3
chr12:72307616:A/G	123	2569	2	563	3257	0.0378	0	0.7888	6e-4	3
chr12:88388444:T/A	50	1	3203	3	3257	0.0154	0	3e-4	0.9834	0
chr12:94972290:C/T	167	3084	0	6	3257	0.0513	0	0.9469	0	2
chr13:115091399:T/C	17	3230	0	10	3257	0.0052	0	0.9917	0	2
chr14:51204996:C/T	80	3109	1	67	3257	0.0246	0	0.9546	3e-4	2
chr14:59112475:C/T	25	3122	0	110	3257	0.0077	0	0.9586	0	2
chr14:78197365:C/T	148	3078	0	31	3257	0.0454	0	0.945	0	2
chr15:59963488:A/G	2727	147	366	17	3257	0.8373	1	0.0451	0.1124	1
chr15:86807761:A/G	3044	141	68	4	3257	0.9346	1	0.0433	0.0209	1
chr15:94883929:A/G	2422	341	446	48	3257	0.7436	0	0.1047	0.1369	3
chr15:94884108:G/C	2421	339	449	48	3257	0.7433	0	0.1041	0.1379	3
chr16:12666279:G/A	19	3234	0	4	3257	0.0058	0	0.9929	0	2
chr16:12666295:C/T	22	3231	0	4	3257	0.0068	0	0.992	0	2
chr16:12666389:G/T	78	3146	0	33	3257	0.0239	0	0.9659	0	2
chr16:12666461:C/G	84	2992	0	181	3257	0.0258	0	0.9186	0	2
chr16:12666468:G/A	66	2976	2	213	3257	0.0203	0	0.9137	6e-4	2
chr16:28354223:G/A/C	3156	48	53	0	3257	0.969	1	0.0147	0.0163	1
chr16:31131614:A/G	2100	289	368	500	3257	0.6448	0	0.0887	0.113	3
chr16:52473263:A/G	2919	92	232	14	3257	0.8962	1	0.0282	0.0712	1
chr16:66812653:T/A	2233	316	555	153	3257	0.6856	0	0.097	0.1704	3
chr16:72130203:C/G	3041	61	116	39	3257	0.9337	1	0.0187	0.0356	1
chr16:84115483:G/A	26	3189	0	42	3257	0.008	0	0.9791	0	2
chr17:14095309:A/G	2956	128	167	6	3257	0.9076	1	0.0393	0.0513	1
chr17:15217389:G/A	2358	285	492	122	3257	0.724	0	0.0875	0.1511	3
chr17:16842824:A/G	2623	132	343	159	3257	0.8053	1	0.0405	0.1053	1
chr17:21319436:G/A	1636	5	1585	31	3257	0.5023	0	0.0015	0.4866	3
chr17:21319439:T/G	1635	5	1590	27	3257	0.502	0	0.0015	0.4882	3
chr17:21319452:G/A	1030	5	2197	25	3257	0.3162	0	0.0015	0.6745	0
chr17:21319465:T/C	1647	5	1585	20	3257	0.5057	0	0.0015	0.4866	3
chr17:21319470:T/C	1646	5	1586	20	3257	0.5054	0	0.0015	0.487	3
chr17:21319473:G/A	3124	12	121	0	3257	0.9592	1	0.0037	0.0372	1
chr17:21319488:C/T	1035	4	2217	1	3257	0.3178	0	0.0012	0.6807	0
chr17:21319543:G/A	3051	2	202	2	3257	0.9368	1	6e-4	0.062	1
chr17:21319560:G/T	3048	2	205	2	3257	0.9358	1	6e-4	0.0629	1
chr17:21319591:C/T	2040	1	1216	0	3257	0.6263	0	3e-4	0.3733	3
chr17:21319650:C/T	3083	2	172	0	3257	0.9466	1	6e-4	0.0528	1
chr17:2929286:A/C	2831	132	200	94	3257	0.8692	1	0.0405	0.0614	1
chr17:61573761:T/C	3090	149	2610	665	6514	0.4744	0	0.0229	0.4007	3
chr17:6942111:G/T	15	3238	0	4	3257	0.0046	0	0.9942	0	2
chr17:7578537:G/T	289	1	2942	25	3257	0.0887	0	3e-4	0.9033	0
chr17:7579472:HGMD_MUTATION	2780	185	254	38	3257	0.8535	1	0.0568	0.078	1
chr17:80544855:T/C	2618	253	356	30	3257	0.8038	1	0.0777	0.1093	1
chr17:80544930:T/C	2623	250	354	30	3257	0.8053	1	0.0768	0.1087	1
chr18:14533096:A/G	2160	92	981	24	3257	0.6632	0	0.0282	0.3012	3
chr18:19996011:A/G	3094	89	73	1	3257	0.95	1	0.0273	0.0224	1
chr18:334758:T/C	51	2145	2	1059	3257	0.0157	0	0.6586	6e-4	3
chr18:3729175:C/T	2679	356	204	18	3257	0.8225	1	0.1093	0.0626	1
chr18:72347482:T/C	4	3252	0	1	3257	0.0012	0	0.9985	0	2
chr18:8069868:C/T	3114	52	87	4	3257	0.9561	1	0.016	0.0267	1
chr19:18288069:A/G	2585	233	392	47	3257	0.7937	0	0.0715	0.1204	3
chr19:19625547:A/G	1677	450	778	352	3257	0.5149	0	0.1382	0.2389	3
chr19:303225:A/G	1642	871	208	536	3257	0.5041	0	0.2674	0.0639	3
chr19:303306:A/C	66	0	3113	78	3257	0.0203	0	0	0.9558	0
chr19:38382328:C/T	5081	704	0	729	6514	0.78	0	0.1081	0	3
chr19:44001345:C/T	2820	203	224	10	3257	0.8658	1	0.0623	0.0688	1
chr19:47193850:T/C	5	3239	0	13	3257	0.0015	0	0.9945	0	2
chr19:47204127:G/A	2513	384	304	56	3257	0.7716	0	0.1179	0.0933	3
chr19:58058536:A/G	13	2315	1	928	3257	0.004	0	0.7108	3e-4	3
chr19:58058739:T/C	2	3245	0	10	3257	6e-4	0	0.9963	0	2
chr19:8201249:-/A	2745	43	462	7	3257	0.8428	1	0.0132	0.1418	1
chr19:8201348:G/C	240	0	3013	4	3257	0.0737	0	0	0.9251	0
chr2:271870:C/G	247	1	2949	60	3257	0.0758	0	3e-4	0.9054	0
chr2:271877:C/T	263	0	2915	79	3257	0.0807	0	0	0.895	0
chr2:38178339:A/G	569	0	2687	1	3257	0.1747	0	0	0.825	0
chr2:38178362:T/C	9	3247	0	1	3257	0.0028	0	0.9969	0	2
chr2:55883317:G/T	2360	370	476	51	3257	0.7246	0	0.1136	0.1461	3
chr2:70315299:A/T	161	5	6043	305	6514	0.0247	0	8e-4	0.9277	0
chr20:17716416:C/G	2999	96	160	2	3257	0.9208	1	0.0295	0.0491	1
chr20:19634732:G/A	2953	128	172	4	3257	0.9067	1	0.0393	0.0528	1
chr20:23345844:A/C/G/T	19	2882	0	356	3257	0.0058	0	0.8849	0	2
chr20:238435:C/T	2651	96	501	9	3257	0.8139	1	0.0295	0.1538	1
chr20:47835994:G/A	128	3	3060	66	3257	0.0393	0	9e-4	0.9395	0
chr20:55033476:C/G	2894	166	188	9	3257	0.8885	1	0.051	0.0577	1
chr21:14982469:A/G	680	3	2571	3	3257	0.2088	0	9e-4	0.7894	0
chr21:18970977:C/A	524	0	2721	12	3257	0.1609	0	0	0.8354	0
chr21:35260481:T/C	102	3029	1	125	3257	0.0313	0	0.93	3e-4	2
chr21:37618355:G/A	1763	0	1482	12	3257	0.5413	0	0	0.455	3
chr21:40568847:T/C	3034	217	6	0	3257	0.9315	1	0.0666	0.0018	1
chr22:21066789:A/G	15	3095	0	147	3257	0.0046	0	0.9503	0	2
chr22:24087319:A/C	2964	138	148	7	3257	0.91	1	0.0424	0.0454	1
chr22:29446611:A/C	2494	316	391	56	3257	0.7657	0	0.097	0.12	3
chr22:32352662:G/A	652	0	2593	12	3257	0.2002	0	0	0.7961	0
chr22:37469591:G/A	2572	263	3064	615	6514	0.3948	0	0.0404	0.4704	3
chr22:44368039:T/C	2648	230	344	35	3257	0.813	1	0.0706	0.1056	1
chr22:44368204:A/G	2668	219	328	42	3257	0.8192	1	0.0672	0.1007	1
chr3:111637904:G/A	16	3236	0	5	3257	0.0049	0	0.9936	0	2
chr3:155481609:G/A	18	3239	0	0	3257	0.0055	0	0.9945	0	2
chr3:16305674:C/G	6	3233	0	18	3257	0.0018	0	0.9926	0	2
chr3:183211687:G/C	6	3229	0	22	3257	0.0018	0	0.9914	0	2
chr3:183211906:A/G	37	3210	0	10	3257	0.0114	0	0.9856	0	2
chr3:31712176:G/T	16	3238	0	3	3257	0.0049	0	0.9942	0	2
chr3:31712393:C/T	2144	1085	15	13	3257	0.6583	0	0.3331	0.0046	3
chr3:40286017:T/C	2706	27	505	19	3257	0.8308	1	0.0083	0.1551	1
chr3:47125385:G/A	101	2315	9	832	3257	0.031	0	0.7108	0.0028	3
chr3:75718973:T/G	783	0	2474	0	3257	0.2404	0	0	0.7596	0
chr3:75718979:C/T	3207	48	2	0	3257	0.9846	1	0.0147	6e-4	1
chr3:75718980:G/A	1939	0	1318	0	3257	0.5953	0	0	0.4047	3
chr3:75718988:C/T	3202	1	54	0	3257	0.9831	1	3e-4	0.0166	1
chr3:75718989:G/A	877	0	2380	0	3257	0.2693	0	0	0.7307	0
chr3:75718992:C/A	1941	0	1316	0	3257	0.5959	0	0	0.4041	3
chr3:75718997:G/A	3078	0	179	0	3257	0.945	1	0	0.055	1
chr3:75719005:C/T	3130	127	0	0	3257	0.961	1	0.039	0	1
chr3:75719027:C/T	1956	0	4552	6	6514	0.3003	0	0	0.6988	0
chr3:75719029:C/A	2155	0	1100	2	3257	0.6617	0	0	0.3377	3
chr3:75719039:C/T	1156	0	2101	0	3257	0.3549	0	0	0.6451	0
chr3:75719048:C/T	482	0	2775	0	3257	0.148	0	0	0.852	0
chr3:75719068:C/T	1955	8	1294	0	3257	0.6002	0	0.0025	0.3973	3
chr3:75719071:C/T	409	0	2781	67	3257	0.1256	0	0	0.8539	0
chr3:75719072:G/A	3850	383	1892	389	6514	0.591	0	0.0588	0.2905	3
chr3:75719073:A/G	3464	655	1740	655	6514	0.5318	0	0.1006	0.2671	3
chr3:75719079:A/G	1914	4	4454	142	6514	0.2938	0	6e-4	0.6838	0
chr3:75719083:A/G	1377	2	5121	14	6514	0.2114	0	3e-4	0.7862	0
chr3:75719087:G/A	294	2	2961	0	3257	0.0903	0	6e-4	0.9091	0
chr3:75719091:G/A	158	0	3099	0	3257	0.0485	0	0	0.9515	0
chr3:75719096:T/C	354	2900	2	1	3257	0.1087	0	0.8904	6e-4	2
chr3:75719098:C/T	2914	273	3054	273	6514	0.4473	0	0.0419	0.4688	3
chr3:75719105:C/A	876	2	2379	0	3257	0.269	0	6e-4	0.7304	0
chr3:75719122:C/A	1881	8	1365	3	3257	0.5775	0	0.0025	0.4191	3
chr3:75719137:C/A	2992	178	3166	178	6514	0.4593	0	0.0273	0.486	3
chr3:75719138:G/T	279	0	2978	0	3257	0.0857	0	0	0.9143	0
chr3:75719139:C/T	1941	8	1308	0	3257	0.5959	0	0.0025	0.4016	3
chr3:75719149:C/T	257	2	2998	0	3257	0.0789	0	6e-4	0.9205	0
chr3:75719150:G/A/C	1947	8	1302	0	3257	0.5978	0	0.0025	0.3998	3
chr3:75719154:C/A/T	2228	14	4258	14	6514	0.342	0	0.0021	0.6537	0
chr3:75719158:C/G/T	152	0	3105	0	3257	0.0467	0	0	0.9533	0
chr3:75719159:G/A/C	2549	823	2319	823	6514	0.3913	0	0.1263	0.356	3
chr3:7620789:T/C	20	2874	0	363	3257	0.0061	0	0.8824	0	2
chr4:123329079:T/C	160	2	3059	36	3257	0.0491	0	6e-4	0.9392	0
chr4:138449683:A/G	232	3016	2	7	3257	0.0712	0	0.926	6e-4	2
chr4:185310053:G/A	3046	65	142	4	3257	0.9352	1	0.02	0.0436	1
chr4:190878397:-/C	89	1	3032	135	3257	0.0273	0	3e-4	0.9309	0
chr4:190878538:A/-	120	2899	11	227	3257	0.0368	0	0.8901	0.0034	2
chr4:190878597:C/T	203	9	2902	143	3257	0.0623	0	0.0028	0.891	0
chr4:26417136:T/C	2899	176	174	8	3257	0.8901	1	0.054	0.0534	1
chr4:40337908:T/C	58	3177	0	22	3257	0.0178	0	0.9754	0	2
chr4:75246617:A/T	3029	107	121	0	3257	0.93	1	0.0329	0.0372	1
chr4:90169925:A/G	2430	290	461	76	3257	0.7461	0	0.089	0.1415	3
chr5:112899702:A/G	15	3240	0	2	3257	0.0046	0	0.9948	0	2
chr5:135382807:C/A	2303	333	524	97	3257	0.7071	0	0.1022	0.1609	3
chr5:158204347:A/G	2893	159	198	7	3257	0.8882	1	0.0488	0.0608	1
chr5:158204425:A/G	17	3215	0	25	3257	0.0052	0	0.9871	0	2
chr5:177422823:C/T	2864	137	248	8	3257	0.8793	1	0.0421	0.0761	1
chr5:177422876:T/C	8	3241	0	8	3257	0.0025	0	0.9951	0	2
chr5:177422908:A/G	2908	208	133	8	3257	0.8928	1	0.0639	0.0408	1
chr5:24593325:A/G	2710	214	316	17	3257	0.8321	1	0.0657	0.097	1
chr5:31302288:C/T	2936	92	212	17	3257	0.9014	1	0.0282	0.0651	1
chr5:37721219:T/C	14	3241	0	2	3257	0.0043	0	0.9951	0	2
chr5:5242218:G/T	2172	413	551	121	3257	0.6669	0	0.1268	0.1692	3
chr5:5242228:C/T	2174	416	550	117	3257	0.6675	0	0.1277	0.1689	3
chr6:11755147:C/T	2943	47	263	4	3257	0.9036	1	0.0144	0.0807	1
chr6:11755329:A/T	2959	51	242	5	3257	0.9085	1	0.0157	0.0743	1
chr6:138724668:C/G	28	3007	2	220	3257	0.0086	0	0.9232	6e-4	2
chr6:151152984:G/A	457	0	2665	135	3257	0.1403	0	0	0.8182	0
chr6:167550192:C/T	2577	6	625	49	3257	0.7912	0	0.0018	0.1919	3
chr6:21201493:G/A	2274	286	520	177	3257	0.6982	0	0.0878	0.1597	3
chr6:28359111:C/T	1881	24	1216	136	3257	0.5775	0	0.0074	0.3733	3
chr6:28359170:A/G	2208	213	495	341	3257	0.6779	0	0.0654	0.152	3
chr6:348906:G/A	3203	29	25	0	3257	0.9834	1	0.0089	0.0077	1
chr6:46867717:C/T	3116	52	84	5	3257	0.9567	1	0.016	0.0258	1
chr6:55739553:A/G	19	3187	1	50	3257	0.0058	0	0.9785	3e-4	2
chr6:7585967:GTCCCGCTCCGG/-	8	3191	0	58	3257	0.0025	0	0.9797	0	2
chr6:7585976:CGGCTCCCGCTC/-	2542	380	281	54	3257	0.7805	0	0.1167	0.0863	3
chr7:106799996:C/T	252	0	2994	11	3257	0.0774	0	0	0.9193	0
chr7:106799997:G/A	2773	319	3035	387	6514	0.4257	0	0.049	0.4659	3
chr7:11581121:T/C	3	3233	0	21	3257	9e-4	0	0.9926	0	2
chr7:117235055:HGMD_MUTATION	93	3153	0	11	3257	0.0286	0	0.9681	0	2
chr7:137128830:T/C	2944	10	296	7	3257	0.9039	1	0.0031	0.0909	1
chr7:149556518:C/T	160	3051	1	45	3257	0.0491	0	0.9368	3e-4	2
chr7:50530987:HGMD_MUTATION	2811	204	221	21	3257	0.8631	1	0.0626	0.0679	1
chr7:63602429:G/A	2362	373	488	34	3257	0.7252	0	0.1145	0.1498	3
chr7:98460824:C/A	2336	732	114	75	3257	0.7172	0	0.2247	0.035	3
chr8:11162496:A/C	4	3252	0	1	3257	0.0012	0	0.9985	0	2
chr8:24774683:C/A	15	2960	1	281	3257	0.0046	0	0.9088	3e-4	2
chr8:33246685:G/A	2869	127	148	113	3257	0.8809	1	0.039	0.0454	1
chr8:72965973:G/A	3142	58	55	2	3257	0.9647	1	0.0178	0.0169	1
chr8:72966002:G/A	3144	56	55	2	3257	0.9653	1	0.0172	0.0169	1
chr8:86389195:C/T	33	3099	0	125	3257	0.0101	0	0.9515	0	2
chr8:86389403:T/C	30	3080	0	147	3257	0.0092	0	0.9457	0	2
chr9:107560647:A/G	2696	271	276	14	3257	0.8278	1	0.0832	0.0847	1
chr9:117853022:C/T	87	3138	0	32	3257	0.0267	0	0.9635	0	2
chr9:27202870:A/G	279	1	2958	19	3257	0.0857	0	3e-4	0.9082	0
chr9:33026572:T/C	437	2816	0	4	3257	0.1342	0	0.8646	0	2
chr9:36169494:G/A	2236	380	528	113	3257	0.6865	0	0.1167	0.1621	3
chr9:36169598:T/C	69	3043	1	144	3257	0.0212	0	0.9343	3e-4	2
chr9:37974743:T/C	455	2644	18	140	3257	0.1397	0	0.8118	0.0055	2
chr9:43849637:G/A	3236	4	17	0	3257	0.9936	1	0.0012	0.0052	1
chr9:43849649:C/T	3032	1	224	0	3257	0.9309	1	3e-4	0.0688	1
chr9:43849658:G/C	3240	4	13	0	3257	0.9948	1	0.0012	0.004	1
chr9:43849659:C/T	3240	4	13	0	3257	0.9948	1	0.0012	0.004	1
chr9:43849817:A/G	3235	8	14	0	3257	0.9932	1	0.0025	0.0043	1
chr9:5081585:A/G	2983	123	145	6	3257	0.9159	1	0.0378	0.0445	1
chr9:5081780:G/A	809	2397	1	50	3257	0.2484	0	0.736	3e-4	3
chr9:75545882:G/A	3148	47	60	2	3257	0.9665	1	0.0144	0.0184	1
chr9:79986057:A/G	77	3109	0	71	3257	0.0236	0	0.9546	0	2
chr9:8389343:A/G	2418	146	627	66	3257	0.7424	0	0.0448	0.1925	3
chr9:8389364:C/G	2389	136	643	89	3257	0.7335	0	0.0418	0.1974	3
chr9:84607758:T/A	22	3170	0	65	3257	0.0068	0	0.9733	0	2
