snpID	Het	Hom	Ref	Na	tot_cell	Prop_het	call_HET	Prop_Hom	Prop_ref	callNGT
chr1:144852080:T/C	16	2261	1	57	2335	0.0069	0	0.9683	4e-4	2
chr1:144852249:C/T	34	2225	1	75	2335	0.0146	0	0.9529	4e-4	2
chr1:158533140:A/G	1932	326	14	63	2335	0.8274	1	0.1396	0.006	1
chr1:165377389:T/C	2	2332	0	1	2335	9e-4	0	0.9987	0	2
chr1:165377552:G/A	2078	0	257	0	2335	0.8899	1	0	0.1101	1
chr1:173878832:T/C	37	2298	0	0	2335	0.0158	0	0.9842	0	2
chr1:182443462:T/C	923	1357	27	28	2335	0.3953	0	0.5812	0.0116	3
chr1:196801042:G/T	2210	3	120	2	2335	0.9465	1	0.0013	0.0514	1
chr1:201047075:HGMD_MUTATION	2105	9	218	3	2335	0.9015	1	0.0039	0.0934	1
chr1:201047078:C/T	313	0	2021	1	2335	0.134	0	0	0.8655	0
chr1:209782343:A/G	15	2320	0	0	2335	0.0064	0	0.9936	0	2
chr1:229738170:T/G	2271	11	53	0	2335	0.9726	1	0.0047	0.0227	1
chr1:236700807:T/A	1	2157	0	177	2335	4e-4	0	0.9238	0	2
chr1:236700823:T/C	149	2003	0	183	2335	0.0638	0	0.8578	0	2
chr1:66070602:G/A	2149	180	5	1	2335	0.9203	1	0.0771	0.0021	1
chr1:85016177:A/G	1971	316	48	0	2335	0.8441	1	0.1353	0.0206	1
chr1:881627:G/A	1255	277	654	149	2335	0.5375	0	0.1186	0.2801	3
chr10:114200355:G/A	17	2236	1	81	2335	0.0073	0	0.9576	4e-4	2
chr10:128974621:C/T	30	2270	0	35	2335	0.0128	0	0.9722	0	2
chr10:17110595:G/A	13	2127	1	194	2335	0.0056	0	0.9109	4e-4	2
chr10:1717343:G/T	1859	54	286	136	2335	0.7961	0	0.0231	0.1225	3
chr10:28228865:A/G	2124	102	96	13	2335	0.9096	1	0.0437	0.0411	1
chr10:33015782:G/A	5	2329	0	1	2335	0.0021	0	0.9974	0	2
chr10:43281089:T/C	30	2284	0	21	2335	0.0128	0	0.9782	0	2
chr10:47000071:G/A	2179	55	95	6	2335	0.9332	1	0.0236	0.0407	1
chr10:47000079:T/C	2174	94	60	7	2335	0.931	1	0.0403	0.0257	1
chr10:47000188:A/G	6	2322	0	7	2335	0.0026	0	0.9944	0	2
chr10:47000239:C/T	2162	95	71	7	2335	0.9259	1	0.0407	0.0304	1
chr10:54074757:A/G	32	2301	0	2	2335	0.0137	0	0.9854	0	2
chr10:64945364:G/A	6	2170	0	159	2335	0.0026	0	0.9293	0	2
chr10:73455201:T/C	11	2279	0	45	2335	0.0047	0	0.976	0	2
chr10:73455273:T/C	5	2284	0	46	2335	0.0021	0	0.9782	0	2
chr10:73455308:T/C	6	2282	1	46	2335	0.0026	0	0.9773	4e-4	2
chr11:103780455:A/G	42	2280	0	13	2335	0.018	0	0.9764	0	2
chr11:10555589:A/G	79	2256	0	0	2335	0.0338	0	0.9662	0	2
chr11:108119615:C/A	1881	16	2571	202	4670	0.4028	0	0.0034	0.5505	3
chr11:108384207:C/T	1974	174	166	21	2335	0.8454	1	0.0745	0.0711	1
chr11:125848261:C/T	3082	750	4	834	4670	0.66	0	0.1606	9e-4	3
chr11:20104669:G/A	74	2257	0	4	2335	0.0317	0	0.9666	0	2
chr11:26705124:C/G	2139	90	93	13	2335	0.9161	1	0.0385	0.0398	1
chr11:26705310:A/G	2131	89	94	21	2335	0.9126	1	0.0381	0.0403	1
chr11:32125855:A/G	10	2322	0	3	2335	0.0043	0	0.9944	0	2
chr11:32125961:C/T	164	2162	0	9	2335	0.0702	0	0.9259	0	2
chr11:48346822:A/C	1485	0	850	0	2335	0.636	0	0	0.364	3
chr11:48346843:C/T	1496	0	839	0	2335	0.6407	0	0	0.3593	3
chr11:48346916:G/C	1162	0	1173	0	2335	0.4976	0	0	0.5024	3
chr11:48346924:T/C	1183	0	1152	0	2335	0.5066	0	0	0.4934	3
chr11:48346932:G/A	1180	0	1155	0	2335	0.5054	0	0	0.4946	3
chr11:48346961:A/T	1159	0	1176	0	2335	0.4964	0	0	0.5036	3
chr11:48346962:A/G	1172	0	1163	0	2335	0.5019	0	0	0.4981	3
chr11:48346999:T/G	863	0	1465	7	2335	0.3696	0	0	0.6274	0
chr11:48347014:G/A	1197	0	1128	10	2335	0.5126	0	0	0.4831	3
chr11:48347023:C/T	1209	0	1112	14	2335	0.5178	0	0	0.4762	3
chr11:56058197:G/A	104	2007	5	219	2335	0.0445	0	0.8595	0.0021	2
chr11:7324475:T/C	0	2305	0	30	2335	0	0	0.9872	0	2
chr11:92523357:C/A/G	397	0	1937	1	2335	0.17	0	0	0.8296	0
chr12:102158763:T/C	23	2312	0	0	2335	0.0099	0	0.9901	0	2
chr12:11244166:G/C	99	2236	0	0	2335	0.0424	0	0.9576	0	2
chr12:11244194:T/C	107	2228	0	0	2335	0.0458	0	0.9542	0	2
chr12:14018777:HGMD_MUTATION	465	1746	41	83	2335	0.1991	0	0.7478	0.0176	3
chr12:16347308:G/A	2203	52	79	1	2335	0.9435	1	0.0223	0.0338	1
chr12:54970236:G/A	1854	355	94	32	2335	0.794	0	0.152	0.0403	3
chr12:54970454:T/C	1901	3	404	27	2335	0.8141	1	0.0013	0.173	1
chr12:72307616:A/G	67	1874	6	388	2335	0.0287	0	0.8026	0.0026	2
chr12:94972290:C/T	2117	11	206	1	2335	0.9066	1	0.0047	0.0882	1
chr14:59112475:C/T	14	2303	0	18	2335	0.006	0	0.9863	0	2
chr14:64574140:C/A	11	2317	0	7	2335	0.0047	0	0.9923	0	2
chr14:78197365:C/T	161	2172	0	2	2335	0.069	0	0.9302	0	2
chr15:29544523:A/C	1814	26	494	1	2335	0.7769	0	0.0111	0.2116	3
chr15:29544656:T/C	1825	27	482	1	2335	0.7816	0	0.0116	0.2064	3
chr15:40590134:G/A	1394	629	168	144	2335	0.597	0	0.2694	0.0719	3
chr15:53994493:A/G	36	2254	0	45	2335	0.0154	0	0.9653	0	2
chr15:59963488:A/G	1897	11	426	1	2335	0.8124	1	0.0047	0.1824	1
chr15:73541513:A/G	2051	258	24	2	2335	0.8784	1	0.1105	0.0103	1
chr15:94883929:A/G	1841	383	102	9	2335	0.7884	0	0.164	0.0437	3
chr15:94884108:G/C	1814	401	111	9	2335	0.7769	0	0.1717	0.0475	3
chr16:12666279:G/A	14	2321	0	0	2335	0.006	0	0.994	0	2
chr16:12666295:C/T	2205	63	67	0	2335	0.9443	1	0.027	0.0287	1
chr16:12666381:C/T	2105	148	82	0	2335	0.9015	1	0.0634	0.0351	1
chr16:12666389:G/T	70	2264	0	1	2335	0.03	0	0.9696	0	2
chr16:12666439:C/G	2105	156	74	0	2335	0.9015	1	0.0668	0.0317	1
chr16:12666461:C/G	2070	66	137	62	2335	0.8865	1	0.0283	0.0587	1
chr16:12666468:G/A	2076	62	114	83	2335	0.8891	1	0.0266	0.0488	1
chr16:14989420:C/T	2100	99	133	3	2335	0.8994	1	0.0424	0.057	1
chr16:19067933:G/A	1981	64	288	2	2335	0.8484	1	0.0274	0.1233	1
chr16:25137289:G/C	46	1949	3	337	2335	0.0197	0	0.8347	0.0013	2
chr16:28354090:C/G	2300	24	7	4	2335	0.985	1	0.0103	0.003	1
chr16:28354223:G/A/C	2325	2	8	0	2335	0.9957	1	9e-4	0.0034	1
chr16:31131614:A/G	1944	87	186	118	2335	0.8325	1	0.0373	0.0797	1
chr16:5132636:C/T	74	2261	0	0	2335	0.0317	0	0.9683	0	2
chr16:55601388:A/G	790	1505	1	39	2335	0.3383	0	0.6445	4e-4	3
chr16:65005843:A/G	544	0	1791	0	2335	0.233	0	0	0.767	0
chr16:66812653:T/A	2188	60	86	1	2335	0.937	1	0.0257	0.0368	1
chr16:66812797:C/T	2266	41	2316	47	4670	0.4852	0	0.0088	0.4959	3
chr16:77246795:C/G	11	1984	0	340	2335	0.0047	0	0.8497	0	2
chr17:10236465:G/A	18	2302	0	15	2335	0.0077	0	0.9859	0	2
chr17:11958053:A/G	12	2323	0	0	2335	0.0051	0	0.9949	0	2
chr17:15217389:G/A	2181	60	90	4	2335	0.934	1	0.0257	0.0385	1
chr17:15217437:C/G	2184	63	87	1	2335	0.9353	1	0.027	0.0373	1
chr17:21319436:G/A	1589	0	704	42	2335	0.6805	0	0	0.3015	3
chr17:21319439:T/G	1590	0	708	37	2335	0.6809	0	0	0.3032	3
chr17:21319452:G/A	1014	0	1286	35	2335	0.4343	0	0	0.5507	3
chr17:21319465:T/C	1595	0	711	29	2335	0.6831	0	0	0.3045	3
chr17:21319470:T/C	1590	0	717	28	2335	0.6809	0	0	0.3071	3
chr17:21319473:G/A	2284	0	51	0	2335	0.9782	1	0	0.0218	1
chr17:21319488:C/T	998	0	1334	3	2335	0.4274	0	0	0.5713	3
chr17:21319543:G/A	2127	0	203	5	2335	0.9109	1	0	0.0869	1
chr17:21319560:G/T	2121	0	209	5	2335	0.9084	1	0	0.0895	1
chr17:21319650:C/T	2283	0	52	0	2335	0.9777	1	0	0.0223	1
chr17:2929286:A/C	10	2150	1	174	2335	0.0043	0	0.9208	4e-4	2
chr17:5991344:C/T	150	2055	1	129	2335	0.0642	0	0.8801	4e-4	2
chr17:61573761:T/C	2174	28	2224	244	4670	0.4655	0	0.006	0.4762	3
chr17:6942111:G/T	15	2316	0	4	2335	0.0064	0	0.9919	0	2
chr17:7576893:G/A	43	1	2239	52	2335	0.0184	0	4e-4	0.9589	0
chr17:7578406:HGMD_MUTATION	22	2284	0	29	2335	0.0094	0	0.9782	0	2
chr17:7578537:G/T	149	1	2169	16	2335	0.0638	0	4e-4	0.9289	0
chr17:7579472:HGMD_MUTATION	18	2309	0	8	2335	0.0077	0	0.9889	0	2
chr18:10487918:C/T	792	1498	2	43	2335	0.3392	0	0.6415	9e-4	3
chr18:13116432:G/T	13	2105	0	217	2335	0.0056	0	0.9015	0	2
chr18:19996011:A/G	2296	24	15	0	2335	0.9833	1	0.0103	0.0064	1
chr18:70526036:A/T	247	0	1983	105	2335	0.1058	0	0	0.8493	0
chr18:72347482:T/C	2289	22	24	0	2335	0.9803	1	0.0094	0.0103	1
chr19:2834808:T/C	238	6	1713	378	2335	0.1019	0	0.0026	0.7336	0
chr19:38382328:C/T	3361	651	0	658	4670	0.7197	0	0.1394	0	3
chr19:47193850:T/C	2252	42	41	0	2335	0.9645	1	0.018	0.0176	1
chr19:52825032:C/T	2111	30	193	1	2335	0.9041	1	0.0128	0.0827	1
chr19:52825235:A/G	2108	30	196	1	2335	0.9028	1	0.0128	0.0839	1
chr19:58058536:A/G	12	1598	1	724	2335	0.0051	0	0.6844	4e-4	3
chr19:58058739:T/C	7	2326	0	2	2335	0.003	0	0.9961	0	2
chr19:8201249:-/A	13	2321	0	1	2335	0.0056	0	0.994	0	2
chr19:8201279:C/T	2216	64	53	2	2335	0.949	1	0.0274	0.0227	1
chr2:271855:T/C	172	5	2103	55	2335	0.0737	0	0.0021	0.9006	0
chr2:271877:C/T	128	1	2140	66	2335	0.0548	0	4e-4	0.9165	0
chr2:38178339:A/G	793	0	1542	0	2335	0.3396	0	0	0.6604	0
chr2:38178362:T/C	1	2334	0	0	2335	4e-4	0	0.9996	0	2
chr2:48906360:A/G	86	2060	3	186	2335	0.0368	0	0.8822	0.0013	2
chr2:75923403:T/G	1242	0	1093	0	2335	0.5319	0	0	0.4681	3
chr20:19634732:G/A	2087	224	23	1	2335	0.8938	1	0.0959	0.0099	1
chr20:20033242:A/T	16	2197	1	121	2335	0.0069	0	0.9409	4e-4	2
chr20:20033319:A/G	10	2214	1	110	2335	0.0043	0	0.9482	4e-4	2
chr20:20033380:A/G	21	2203	0	111	2335	0.009	0	0.9435	0	2
chr20:23345844:A/C/G/T	13	2182	0	140	2335	0.0056	0	0.9345	0	2
chr20:238435:C/T	2198	128	8	1	2335	0.9413	1	0.0548	0.0034	1
chr20:52198340:T/A	2189	58	87	1	2335	0.9375	1	0.0248	0.0373	1
chr20:55033420:C/T	2220	45	69	1	2335	0.9507	1	0.0193	0.0296	1
chr20:55033476:C/G	52	2269	2	12	2335	0.0223	0	0.9717	9e-4	2
chr20:6065729:C/T	1305	634	209	187	2335	0.5589	0	0.2715	0.0895	3
chr20:6065731:T/C	1309	630	210	186	2335	0.5606	0	0.2698	0.0899	3
chr21:18970977:C/A	217	0	2114	4	2335	0.0929	0	0	0.9054	0
chr21:35260481:T/C	2247	7	68	13	2335	0.9623	1	0.003	0.0291	1
chr21:44188956:C/G/T	2011	290	31	3	2335	0.8612	1	0.1242	0.0133	1
chr22:21066676:G/A	1702	496	95	42	2335	0.7289	0	0.2124	0.0407	3
chr22:21066789:A/G	1655	58	586	36	2335	0.7088	0	0.0248	0.251	3
chr22:32352662:G/A	344	0	1990	1	2335	0.1473	0	0	0.8522	0
chr22:44368122:A/G	1976	315	33	11	2335	0.8463	1	0.1349	0.0141	1
chr22:44368204:A/G	31	2264	0	40	2335	0.0133	0	0.9696	0	2
chr3:111637816:A/G	2091	9	232	3	2335	0.8955	1	0.0039	0.0994	1
chr3:111637904:G/A	2087	9	236	3	2335	0.8938	1	0.0039	0.1011	1
chr3:146177815:C/T	1808	218	97	212	2335	0.7743	0	0.0934	0.0415	3
chr3:155481609:G/A	16	2318	0	1	2335	0.0069	0	0.9927	0	2
chr3:16305674:C/G	8	2326	0	1	2335	0.0034	0	0.9961	0	2
chr3:16419560:T/C	1894	16	421	4	2335	0.8111	1	0.0069	0.1803	1
chr3:183211687:G/C	1916	21	393	5	2335	0.8206	1	0.009	0.1683	1
chr3:183211906:A/G	1941	22	367	5	2335	0.8313	1	0.0094	0.1572	1
chr3:31712176:G/T	2097	221	14	3	2335	0.8981	1	0.0946	0.006	1
chr3:31712393:C/T	2287	74	2215	94	4670	0.4897	0	0.0158	0.4743	3
chr3:40286017:T/C	517	1816	0	2	2335	0.2214	0	0.7777	0	3
chr3:47125385:G/A	73	1710	10	542	2335	0.0313	0	0.7323	0.0043	3
chr3:75718973:T/G	445	0	1890	0	2335	0.1906	0	0	0.8094	0
chr3:75718979:C/T	2265	68	2	0	2335	0.97	1	0.0291	9e-4	1
chr3:75718980:G/A	893	0	1442	0	2335	0.3824	0	0	0.6176	0
chr3:75718988:C/T	2223	0	112	0	2335	0.952	1	0	0.048	1
chr3:75718989:G/A	623	0	1712	0	2335	0.2668	0	0	0.7332	0
chr3:75718992:C/A	895	0	1440	0	2335	0.3833	0	0	0.6167	0
chr3:75718997:G/A	2115	0	220	0	2335	0.9058	1	0	0.0942	1
chr3:75719005:C/T	1992	342	1	0	2335	0.8531	1	0.1465	4e-4	1
chr3:75719027:C/T	1480	1	3182	7	4670	0.3169	0	2e-4	0.6814	0
chr3:75719028:G/T	498	0	4162	10	4670	0.1066	0	0	0.8912	0
chr3:75719029:C/A	1106	0	1229	0	2335	0.4737	0	0	0.5263	3
chr3:75719039:C/T	113	0	2222	0	2335	0.0484	0	0	0.9516	0
chr3:75719048:C/T	436	0	1899	0	2335	0.1867	0	0	0.8133	0
chr3:75719050:A/T	115	2	2218	0	2335	0.0493	0	9e-4	0.9499	0
chr3:75719068:C/T	1344	1	990	0	2335	0.5756	0	4e-4	0.424	3
chr3:75719071:C/T	532	0	4046	92	4670	0.1139	0	0	0.8664	0
chr3:75719072:G/A	3026	114	1402	128	4670	0.648	0	0.0244	0.3002	3
chr3:75719073:A/G	2647	434	1155	434	4670	0.5668	0	0.0929	0.2473	3
chr3:75719079:A/G	1237	0	3331	102	4670	0.2649	0	0	0.7133	0
chr3:75719083:A/G	1329	1	3323	17	4670	0.2846	0	2e-4	0.7116	0
chr3:75719087:G/A	318	1	2016	0	2335	0.1362	0	4e-4	0.8634	0
chr3:75719091:G/A	300	0	2035	0	2335	0.1285	0	0	0.8715	0
chr3:75719096:T/C	381	1953	1	0	2335	0.1632	0	0.8364	4e-4	2
chr3:75719098:C/T	2157	201	2111	201	4670	0.4619	0	0.043	0.452	3
chr3:75719105:C/A	271	0	2064	0	2335	0.1161	0	0	0.8839	0
chr3:75719122:C/A	1292	1	1042	0	2335	0.5533	0	4e-4	0.4463	3
chr3:75719137:C/A	2232	121	2196	121	4670	0.4779	0	0.0259	0.4702	3
chr3:75719138:G/T	526	0	1809	0	2335	0.2253	0	0	0.7747	0
chr3:75719139:C/T	1341	1	993	0	2335	0.5743	0	4e-4	0.4253	3
chr3:75719149:C/T	215	1	2119	0	2335	0.0921	0	4e-4	0.9075	0
chr3:75719150:G/A/C	1509	4	3153	4	4670	0.3231	0	9e-4	0.6752	0
chr3:75719154:C/A/T	1686	6	2972	6	4670	0.361	0	0.0013	0.6364	0
chr3:75719158:C/G/T	481	2	4185	2	4670	0.103	0	4e-4	0.8961	0
chr3:75719159:G/A/C	1993	477	1723	477	4670	0.4268	0	0.1021	0.369	3
chr3:7620789:T/C	13	2314	0	8	2335	0.0056	0	0.991	0	2
chr3:7620828:G/A	1656	161	148	370	2335	0.7092	0	0.069	0.0634	3
chr4:138449683:A/G	121	2214	0	0	2335	0.0518	0	0.9482	0	2
chr4:154479430:T/C	281	6	1996	52	2335	0.1203	0	0.0026	0.8548	0
chr4:190878538:A/-	2201	64	69	1	2335	0.9426	1	0.0274	0.0296	1
chr4:190878597:C/T	279	1	2053	2	2335	0.1195	0	4e-4	0.8792	0
chr4:26417136:T/C	2273	29	33	0	2335	0.9734	1	0.0124	0.0141	1
chr4:40337908:T/C	2264	34	34	3	2335	0.9696	1	0.0146	0.0146	1
chr4:4249855:G/A	1830	444	54	7	2335	0.7837	0	0.1901	0.0231	3
chr4:4249884:G/T	1812	39	475	9	2335	0.776	0	0.0167	0.2034	3
chr4:4249909:C/T	1818	437	53	27	2335	0.7786	0	0.1872	0.0227	3
chr4:48172218:C/T	17	2318	0	0	2335	0.0073	0	0.9927	0	2
chr4:48172266:G/A	7	2328	0	0	2335	0.003	0	0.997	0	2
chr4:75246617:A/T	13	2322	0	0	2335	0.0056	0	0.9944	0	2
chr4:90169925:A/G	15	2314	1	5	2335	0.0064	0	0.991	4e-4	2
chr5:112162854:HGMD_MUTATION	2213	42	79	1	2335	0.9478	1	0.018	0.0338	1
chr5:112899702:A/G	4	2327	0	4	2335	0.0017	0	0.9966	0	2
chr5:135382989:G/C	1807	229	246	53	2335	0.7739	0	0.0981	0.1054	3
chr5:158204425:A/G	2013	151	161	10	2335	0.8621	1	0.0647	0.069	1
chr5:169461399:G/A	1441	306	455	133	2335	0.6171	0	0.131	0.1949	3
chr5:177422823:C/T	1842	190	278	25	2335	0.7889	0	0.0814	0.1191	3
chr5:177422876:T/C	10	2301	0	24	2335	0.0043	0	0.9854	0	2
chr5:177422908:A/G	1875	242	196	22	2335	0.803	1	0.1036	0.0839	1
chr5:31302288:C/T	1004	1292	24	15	2335	0.43	0	0.5533	0.0103	3
chr5:5242218:G/T	2035	142	147	11	2335	0.8715	1	0.0608	0.063	1
chr5:5242228:C/T	2035	142	147	11	2335	0.8715	1	0.0608	0.063	1
chr5:9154659:G/C	2235	57	12	31	2335	0.9572	1	0.0244	0.0051	1
chr6:11755147:C/T	1270	5	1060	0	2335	0.5439	0	0.0021	0.454	3
chr6:11755329:A/T	1326	5	1004	0	2335	0.5679	0	0.0021	0.43	3
chr6:151152984:G/A	486	0	1846	3	2335	0.2081	0	0	0.7906	0
chr6:167550192:C/T	1881	0	454	0	2335	0.8056	1	0	0.1944	1
chr6:28359111:C/T	1062	2	1238	33	2335	0.4548	0	9e-4	0.5302	3
chr6:28359170:A/G	1682	270	117	266	2335	0.7203	0	0.1156	0.0501	3
chr6:348906:G/A	2217	2	116	0	2335	0.9495	1	9e-4	0.0497	1
chr6:41773576:G/C	1702	122	478	33	2335	0.7289	0	0.0522	0.2047	3
chr6:46867717:C/T	12	2323	0	0	2335	0.0051	0	0.9949	0	2
chr6:7585967:GTCCCGCTCCGG/-	0	2326	0	9	2335	0	0	0.9961	0	2
chr7:106799996:C/T	163	0	2170	2	2335	0.0698	0	0	0.9293	0
chr7:106799997:G/A	2050	60	220	5	2335	0.8779	1	0.0257	0.0942	1
chr7:127222157:G/A	2255	29	39	12	2335	0.9657	1	0.0124	0.0167	1
chr7:137128830:T/C	11	2304	1	19	2335	0.0047	0	0.9867	4e-4	2
chr7:149556518:C/T	1892	145	272	26	2335	0.8103	1	0.0621	0.1165	1
chr7:50531074:HGMD_MUTATION	170	0	2165	0	2335	0.0728	0	0	0.9272	0
chr7:76112098:C/T	142	2	2083	108	2335	0.0608	0	9e-4	0.8921	0
chr7:98460824:C/A	33	2028	1	273	2335	0.0141	0	0.8685	4e-4	2
chr8:11162496:A/C	2295	23	17	0	2335	0.9829	1	0.0099	0.0073	1
chr8:113662299:T/G	3	2322	0	10	2335	0.0013	0	0.9944	0	2
chr8:126369898:G/C	3	2314	0	18	2335	0.0013	0	0.991	0	2
chr8:17159486:C/G	2228	52	55	0	2335	0.9542	1	0.0223	0.0236	1
chr8:17159489:A/G	2229	52	54	0	2335	0.9546	1	0.0223	0.0231	1
chr8:23106665:A/G	2060	97	164	14	2335	0.8822	1	0.0415	0.0702	1
chr8:24774683:C/A	14	2273	0	48	2335	0.006	0	0.9734	0	2
chr8:33246685:G/A	2185	16	80	54	2335	0.9358	1	0.0069	0.0343	1
chr8:57892518:A/G	7	2299	0	29	2335	0.003	0	0.9846	0	2
chr8:6793540:C/T	16	2314	0	5	2335	0.0069	0	0.991	0	2
chr8:6793581:A/C/G/T	83	2189	5	58	2335	0.0355	0	0.9375	0.0021	2
chr8:72965973:G/A	15	2320	0	0	2335	0.0064	0	0.9936	0	2
chr8:72966002:G/A	13	2322	0	0	2335	0.0056	0	0.9944	0	2
chr8:86389195:C/T	13	2298	0	24	2335	0.0056	0	0.9842	0	2
chr8:95888307:C/T	49	2214	1	71	2335	0.021	0	0.9482	4e-4	2
chr9:18504916:T/A	2099	199	33	4	2335	0.8989	1	0.0852	0.0141	1
chr9:2811505:G/A/C/T	2222	7	105	1	2335	0.9516	1	0.003	0.045	1
chr9:33026572:T/C	397	1938	0	0	2335	0.17	0	0.83	0	2
chr9:36169494:G/A	2040	168	115	12	2335	0.8737	1	0.0719	0.0493	1
chr9:36169598:T/C	2054	163	106	12	2335	0.8797	1	0.0698	0.0454	1
chr9:37974743:T/C	268	1958	12	97	2335	0.1148	0	0.8385	0.0051	2
chr9:43849637:G/A	2124	211	0	0	2335	0.9096	1	0.0904	0	1
chr9:43849658:G/C	2101	234	0	0	2335	0.8998	1	0.1002	0	1
chr9:43849659:C/T	2106	229	0	0	2335	0.9019	1	0.0981	0	1
chr9:43849817:A/G	108	2227	0	0	2335	0.0463	0	0.9537	0	2
chr9:43849835:C/T	2061	0	274	0	2335	0.8827	1	0	0.1173	1
chr9:5081585:A/G	2088	225	21	1	2335	0.8942	1	0.0964	0.009	1
chr9:5081780:G/A	2097	172	43	23	2335	0.8981	1	0.0737	0.0184	1
chr9:75545882:G/A	2199	124	3	9	2335	0.9418	1	0.0531	0.0013	1
chr9:8389364:C/G	18	2267	0	50	2335	0.0077	0	0.9709	0	2
chr9:84607758:T/A	13	2307	0	15	2335	0.0056	0	0.988	0	2
