snpID	Het	Hom	Ref	Na	tot_cell	Prop_het	call_HET	Prop_Hom	Prop_ref	callNGT
chr1:112991698:T/C	7	1894	0	15	1916	0.0037	0	0.9885	0	2
chr1:118166096:C/T	11	1895	0	10	1916	0.0057	0	0.989	0	2
chr1:144852080:T/C	1636	270	7	3	1916	0.8539	1	0.1409	0.0037	1
chr1:144852167:G/T	1613	294	6	3	1916	0.8419	1	0.1534	0.0031	1
chr1:144852203:T/G	1604	303	6	3	1916	0.8372	1	0.1581	0.0031	1
chr1:144852235:T/C	1652	256	5	3	1916	0.8622	1	0.1336	0.0026	1
chr1:144852236:C/G	1653	255	5	3	1916	0.8627	1	0.1331	0.0026	1
chr1:144852249:C/T	1636	272	5	3	1916	0.8539	1	0.142	0.0026	1
chr1:144852254:G/C	1630	278	5	3	1916	0.8507	1	0.1451	0.0026	1
chr1:158533140:A/G	15	1832	0	69	1916	0.0078	0	0.9562	0	2
chr1:165377389:T/C	2	1912	0	2	1916	0.001	0	0.9979	0	2
chr1:167849318:A/G	7	1909	0	0	1916	0.0037	0	0.9963	0	2
chr1:167849414:A/G	178	1651	0	87	1916	0.0929	0	0.8617	0	2
chr1:173878832:T/C	8	1908	0	0	1916	0.0042	0	0.9958	0	2
chr1:173878838:C/T	407	0	1509	0	1916	0.2124	0	0	0.7876	0
chr1:201047075:HGMD_MUTATION	51	1854	3	8	1916	0.0266	0	0.9676	0.0016	2
chr1:201047078:C/T	189	0	1725	2	1916	0.0986	0	0	0.9003	0
chr1:236700730:G/A	6	1910	0	0	1916	0.0031	0	0.9969	0	2
chr1:248039713:A/G	10	1896	0	10	1916	0.0052	0	0.9896	0	2
chr1:28862193:G/A	3	1913	0	0	1916	0.0016	0	0.9984	0	2
chr1:85016112:C/T	3	1857	0	56	1916	0.0016	0	0.9692	0	2
chr1:85016177:A/G	10	1851	0	55	1916	0.0052	0	0.9661	0	2
chr10:121551581:A/C	20	1873	0	23	1916	0.0104	0	0.9776	0	2
chr10:1717336:A/G	98	0	1818	0	1916	0.0511	0	0	0.9489	0
chr10:33015782:G/A	7	1777	0	132	1916	0.0037	0	0.9275	0	2
chr10:47000071:G/A	1813	98	3	2	1916	0.9462	1	0.0511	0.0016	1
chr10:47000079:T/C	1794	3	117	2	1916	0.9363	1	0.0016	0.0611	1
chr10:47000188:A/G	3	1911	0	2	1916	0.0016	0	0.9974	0	2
chr10:47000239:C/T	1779	3	132	2	1916	0.9285	1	0.0016	0.0689	1
chr10:54074757:A/G	18	1886	0	12	1916	0.0094	0	0.9843	0	2
chr10:73455156:G/A	19	1742	0	155	1916	0.0099	0	0.9092	0	2
chr10:73455201:T/C	7	1770	0	139	1916	0.0037	0	0.9238	0	2
chr10:73455273:T/C	3	1772	0	141	1916	0.0016	0	0.9248	0	2
chr10:73455308:T/C	5	1772	0	139	1916	0.0026	0	0.9248	0	2
chr10:84745256:C/T	9	1902	0	5	1916	0.0047	0	0.9927	0	2
chr10:93744:T/C	1669	5	242	0	1916	0.8711	1	0.0026	0.1263	1
chr10:93945:C/T	1709	197	9	1	1916	0.892	1	0.1028	0.0047	1
chr11:108119615:C/A	1598	23	2092	119	3832	0.417	0	0.006	0.5459	3
chr11:108119770:C/G	1348	191	330	47	1916	0.7035	0	0.0997	0.1722	3
chr11:108384207:C/T	1676	87	149	4	1916	0.8747	1	0.0454	0.0778	1
chr11:125848261:C/T	619	1282	2	13	1916	0.3231	0	0.6691	0.001	3
chr11:32125855:A/G	9	1888	0	19	1916	0.0047	0	0.9854	0	2
chr11:48346822:A/C	765	2	1146	3	1916	0.3993	0	0.001	0.5981	3
chr11:48346843:C/T	770	3	1140	3	1916	0.4019	0	0.0016	0.595	3
chr11:48346916:G/C	659	3	1251	3	1916	0.3439	0	0.0016	0.6529	0
chr11:48346924:T/C	672	3	1238	3	1916	0.3507	0	0.0016	0.6461	0
chr11:48346932:G/A	672	3	1238	3	1916	0.3507	0	0.0016	0.6461	0
chr11:48346961:A/T	669	3	1241	3	1916	0.3492	0	0.0016	0.6477	0
chr11:48346962:A/G	683	3	1227	3	1916	0.3565	0	0.0016	0.6404	0
chr11:48346996:G/A	216	0	1697	3	1916	0.1127	0	0	0.8857	0
chr11:48346999:T/G	509	3	1401	3	1916	0.2657	0	0.0016	0.7312	0
chr11:48347014:G/A	683	3	1223	7	1916	0.3565	0	0.0016	0.6383	0
chr11:48347023:C/T	692	3	1213	8	1916	0.3612	0	0.0016	0.6331	0
chr11:56058197:G/A	1678	43	121	74	1916	0.8758	1	0.0224	0.0632	1
chr11:7324475:T/C	1	1889	0	26	1916	5e-4	0	0.9859	0	2
chr12:102158763:T/C	15	1892	0	9	1916	0.0078	0	0.9875	0	2
chr12:102158764:G/A	17	1890	0	9	1916	0.0089	0	0.9864	0	2
chr12:14018777:HGMD_MUTATION	137	1678	14	87	1916	0.0715	0	0.8758	0.0073	2
chr12:16347308:G/A	1505	321	73	17	1916	0.7855	0	0.1675	0.0381	3
chr12:25164366:A/G	1678	172	55	11	1916	0.8758	1	0.0898	0.0287	1
chr12:25398284:HGMD_MUTATION	1675	224	15	2	1916	0.8742	1	0.1169	0.0078	1
chr12:311949:A/G	1098	453	213	152	1916	0.5731	0	0.2364	0.1112	3
chr12:33579108:C/T	315	0	1597	4	1916	0.1644	0	0	0.8335	0
chr12:54970454:T/C	23	1890	0	3	1916	0.012	0	0.9864	0	2
chr12:72307616:A/G	56	1551	4	305	1916	0.0292	0	0.8095	0.0021	2
chr12:94972290:C/T	1659	14	243	0	1916	0.8659	1	0.0073	0.1268	1
chr12:9833628:HGMD_MUTATION	26	1846	0	44	1916	0.0136	0	0.9635	0	2
chr13:32606069:A/G	4	1571	0	341	1916	0.0021	0	0.8199	0	2
chr13:79940811:T/C	45	1799	2	70	1916	0.0235	0	0.9389	0.001	2
chr14:51204996:C/T	45	1864	1	6	1916	0.0235	0	0.9729	5e-4	2
chr14:59112475:C/T	4	1906	0	6	1916	0.0021	0	0.9948	0	2
chr14:64574140:C/A	4	1907	0	5	1916	0.0021	0	0.9953	0	2
chr14:78197365:C/T	137	1778	0	1	1916	0.0715	0	0.928	0	2
chr15:102215765:G/A	1507	5	267	137	1916	0.7865	0	0.0026	0.1394	3
chr15:29544523:A/C	4	1872	1	39	1916	0.0021	0	0.977	5e-4	2
chr15:29544656:T/C	7	1867	0	42	1916	0.0037	0	0.9744	0	2
chr15:53994493:A/G	1566	144	181	25	1916	0.8173	1	0.0752	0.0945	1
chr15:59963488:A/G	1775	51	90	0	1916	0.9264	1	0.0266	0.047	1
chr15:86807761:A/G	1604	235	73	4	1916	0.8372	1	0.1227	0.0381	1
chr16:12666279:G/A	9	1907	0	0	1916	0.0047	0	0.9953	0	2
chr16:12666295:C/T	8	1908	0	0	1916	0.0042	0	0.9958	0	2
chr16:12666389:G/T	84	1788	0	44	1916	0.0438	0	0.9332	0	2
chr16:12666390:-/T	81	0	1805	30	1916	0.0423	0	0	0.9421	0
chr16:12666461:C/G	220	1532	0	164	1916	0.1148	0	0.7996	0	3
chr16:12666468:G/A	15	1720	0	181	1916	0.0078	0	0.8977	0	2
chr16:14989420:C/T	1761	4	151	0	1916	0.9191	1	0.0021	0.0788	1
chr16:25137289:G/C	35	1635	1	245	1916	0.0183	0	0.8533	5e-4	2
chr16:28354077:G/A	1777	0	135	4	1916	0.9275	1	0	0.0705	1
chr16:28354223:G/A/C	2029	0	1803	0	3832	0.5295	0	0	0.4705	3
chr16:31131614:A/G	10	1839	0	67	1916	0.0052	0	0.9598	0	2
chr16:396264:A/G	11	1755	0	150	1916	0.0057	0	0.916	0	2
chr16:5132636:C/T	89	1827	0	0	1916	0.0465	0	0.9535	0	2
chr16:52473263:A/G	1815	25	75	1	1916	0.9473	1	0.013	0.0391	1
chr16:55601388:A/G	1846	17	35	18	1916	0.9635	1	0.0089	0.0183	1
chr16:66812653:T/A	1822	37	57	0	1916	0.9509	1	0.0193	0.0297	1
chr16:66812737:C/A	67	0	1849	0	1916	0.035	0	0	0.965	0
chr16:66812797:C/T	1820	29	66	1	1916	0.9499	1	0.0151	0.0344	1
chr16:72130203:C/G	52	1709	2	153	1916	0.0271	0	0.892	0.001	2
chr16:84115393:G/A	17	1896	0	3	1916	0.0089	0	0.9896	0	2
chr16:9002269:T/C	225	0	1691	0	1916	0.1174	0	0	0.8826	0
chr17:11958053:A/G	12	1894	0	10	1916	0.0063	0	0.9885	0	2
chr17:16842824:A/G	9	1742	1	164	1916	0.0047	0	0.9092	5e-4	2
chr17:21319436:G/A	1676	20	83	137	1916	0.8747	1	0.0104	0.0433	1
chr17:21319439:T/G	1675	22	86	133	1916	0.8742	1	0.0115	0.0449	1
chr17:21319452:G/A	1587	22	188	119	1916	0.8283	1	0.0115	0.0981	1
chr17:21319465:T/C	1679	23	115	99	1916	0.8763	1	0.012	0.06	1
chr17:21319470:T/C	1678	23	120	95	1916	0.8758	1	0.012	0.0626	1
chr17:21319473:G/A	1566	5	345	0	1916	0.8173	1	0.0026	0.1801	1
chr17:21319488:C/T	1588	24	292	12	1916	0.8288	1	0.0125	0.1524	1
chr17:21319543:G/A	1823	2	78	13	1916	0.9515	1	0.001	0.0407	1
chr17:21319560:G/T	1826	2	71	17	1916	0.953	1	0.001	0.0371	1
chr17:21319650:C/T	1890	2	24	0	1916	0.9864	1	0.001	0.0125	1
chr17:260142:G/T	11	1508	0	397	1916	0.0057	0	0.7871	0	3
chr17:263622:A/G	166	1311	50	389	1916	0.0866	0	0.6842	0.0261	3
chr17:2929286:A/C	4	1788	0	124	1916	0.0021	0	0.9332	0	2
chr17:31618551:G/A	1444	404	57	11	1916	0.7537	0	0.2109	0.0297	3
chr17:31618732:A/G	15	1888	1	12	1916	0.0078	0	0.9854	5e-4	2
chr17:61573761:T/C	1609	47	1713	463	3832	0.4199	0	0.0123	0.447	3
chr17:7574024:G/C	185	0	1729	2	1916	0.0966	0	0	0.9024	0
chr17:7574027:C/A	184	0	1730	2	1916	0.096	0	0	0.9029	0
chr17:7574033:T/C	183	0	1731	2	1916	0.0955	0	0	0.9034	0
chr17:7576893:G/A	47	0	1832	37	1916	0.0245	0	0	0.9562	0
chr17:7577085:HGMD_MUTATION	32	1829	0	55	1916	0.0167	0	0.9546	0	2
chr17:7577096:HGMD_MUTATION	313	1	1564	38	1916	0.1634	0	5e-4	0.8163	0
chr17:80544855:T/C	3	1906	0	7	1916	0.0016	0	0.9948	0	2
chr18:13116235:C/T	1094	367	345	110	1916	0.571	0	0.1915	0.1801	3
chr18:13116432:G/T	11	1790	0	115	1916	0.0057	0	0.9342	0	2
chr18:19996011:A/G	1859	36	21	0	1916	0.9703	1	0.0188	0.011	1
chr18:334758:T/C	31	1233	0	652	1916	0.0162	0	0.6435	0	3
chr18:65179199:C/T	1842	36	37	1	1916	0.9614	1	0.0188	0.0193	1
chr18:690436:C/T	77	1558	4	277	1916	0.0402	0	0.8132	0.0021	2
chr18:70526019:A/C	1271	155	417	73	1916	0.6634	0	0.0809	0.2176	3
chr18:70526036:A/T	647	6	3079	100	3832	0.1688	0	0.0016	0.8035	0
chr18:72347482:T/C	1851	32	33	0	1916	0.9661	1	0.0167	0.0172	1
chr18:8069868:C/T	1847	22	43	4	1916	0.964	1	0.0115	0.0224	1
chr19:18288069:A/G	565	1336	1	14	1916	0.2949	0	0.6973	5e-4	3
chr19:19625547:A/G	11	1856	0	49	1916	0.0057	0	0.9687	0	2
chr19:24015602:C/T	1867	7	1949	9	3832	0.4872	0	0.0018	0.5086	3
chr19:303225:A/G	702	683	88	443	1916	0.3664	0	0.3565	0.0459	3
chr19:303306:A/C	355	2	3407	68	3832	0.0926	0	5e-4	0.8891	0
chr19:37642830:G/A	1169	364	260	123	1916	0.6101	0	0.19	0.1357	3
chr19:38382328:C/T	664	1249	0	3	1916	0.3466	0	0.6519	0	3
chr19:47193850:T/C	1657	118	136	5	1916	0.8648	1	0.0616	0.071	1
chr19:52825235:A/G	1574	214	114	14	1916	0.8215	1	0.1117	0.0595	1
chr19:58058536:A/G	4	1375	0	537	1916	0.0021	0	0.7176	0	3
chr19:5831672:HGMD_MUTATION	999	73	800	44	1916	0.5214	0	0.0381	0.4175	3
chr19:5831724:T/C	1017	71	784	44	1916	0.5308	0	0.0371	0.4092	3
chr2:271855:T/C	101	2	1801	12	1916	0.0527	0	0.001	0.94	0
chr2:271870:C/G	150	0	1755	11	1916	0.0783	0	0	0.916	0
chr2:271877:C/T	132	0	1771	13	1916	0.0689	0	0	0.9243	0
chr2:38178339:A/G	481	0	1435	0	1916	0.251	0	0	0.749	0
chr2:38178362:T/C	1663	12	241	0	1916	0.868	1	0.0063	0.1258	1
chr2:38178406:A/G	1670	232	14	0	1916	0.8716	1	0.1211	0.0073	1
chr2:48906360:A/G	54	1733	0	129	1916	0.0282	0	0.9045	0	2
chr20:19634732:G/A	37	1875	0	4	1916	0.0193	0	0.9786	0	2
chr20:20033242:A/T	8	1827	0	81	1916	0.0042	0	0.9535	0	2
chr20:20033319:A/G	4	1846	0	66	1916	0.0021	0	0.9635	0	2
chr20:20033380:A/G	24	1821	1	70	1916	0.0125	0	0.9504	5e-4	2
chr20:23345844:A/C/G/T	3	1890	0	23	1916	0.0016	0	0.9864	0	2
chr20:23345866:C/T	132	0	1766	18	1916	0.0689	0	0	0.9217	0
chr20:238435:C/T	1776	122	16	2	1916	0.9269	1	0.0637	0.0084	1
chr20:25282944:A/G	44	1788	0	84	1916	0.023	0	0.9332	0	2
chr20:45354291:HGMD_MUTATION	1246	170	241	259	1916	0.6503	0	0.0887	0.1258	3
chr20:62597694:T/G	435	75	1211	195	1916	0.227	0	0.0391	0.632	0
chr21:33846130:T/A	406	370	620	520	1916	0.2119	0	0.1931	0.3236	3
chr21:35260481:T/C	1758	0	152	6	1916	0.9175	1	0	0.0793	1
chr21:44188996:C/T	1394	1	520	1	1916	0.7276	0	5e-4	0.2714	3
chr21:47545768:G/A	1381	170	329	36	1916	0.7208	0	0.0887	0.1717	3
chr21:47545823:G/A	1381	158	328	49	1916	0.7208	0	0.0825	0.1712	3
chr21:47545826:C/T	1378	158	332	48	1916	0.7192	0	0.0825	0.1733	3
chr22:21066789:A/G	5	1703	0	208	1916	0.0026	0	0.8888	0	2
chr22:24087319:A/C	1738	164	13	1	1916	0.9071	1	0.0856	0.0068	1
chr22:25753044:C/T	1568	18	326	4	1916	0.8184	1	0.0094	0.1701	1
chr22:29446611:A/C	17	1892	0	7	1916	0.0089	0	0.9875	0	2
chr22:37469591:G/A	190	1585	3	138	1916	0.0992	0	0.8272	0.0016	2
chr3:111637904:G/A	3	1911	0	2	1916	0.0016	0	0.9974	0	2
chr3:129286413:G/C	19	1766	0	131	1916	0.0099	0	0.9217	0	2
chr3:16305674:C/G	1536	316	55	9	1916	0.8017	1	0.1649	0.0287	1
chr3:183211687:G/C	0	1897	0	19	1916	0	0	0.9901	0	2
chr3:183211906:A/G	39	1865	0	12	1916	0.0204	0	0.9734	0	2
chr3:192078252:G/T	280	0	1635	1	1916	0.1461	0	0	0.8533	0
chr3:31712170:T/C	1711	7	195	3	1916	0.893	1	0.0037	0.1018	1
chr3:31712176:G/T	1711	6	196	3	1916	0.893	1	0.0031	0.1023	1
chr3:31712393:C/T	1701	6	207	2	1916	0.8878	1	0.0031	0.108	1
chr3:75718973:T/G	206	0	1710	0	1916	0.1075	0	0	0.8925	0
chr3:75718979:C/T	1876	37	3	0	1916	0.9791	1	0.0193	0.0016	1
chr3:75718980:G/A	1046	0	870	0	1916	0.5459	0	0	0.4541	3
chr3:75718988:C/T	1491	0	425	0	1916	0.7782	0	0	0.2218	3
chr3:75718989:G/A	866	0	1050	0	1916	0.452	0	0	0.548	3
chr3:75718992:C/A	1037	0	879	0	1916	0.5412	0	0	0.4588	3
chr3:75718997:G/A	1348	0	568	0	1916	0.7035	0	0	0.2965	3
chr3:75719005:C/T	1599	317	0	0	1916	0.8346	1	0.1654	0	1
chr3:75719027:C/T	1775	0	2017	40	3832	0.4632	0	0	0.5264	3
chr3:75719028:G/T	953	0	2845	34	3832	0.2487	0	0	0.7424	0
chr3:75719029:C/A	280	0	1636	0	1916	0.1461	0	0	0.8539	0
chr3:75719048:C/T	777	1	1136	2	1916	0.4055	0	5e-4	0.5929	3
chr3:75719050:A/T	82	3	1829	2	1916	0.0428	0	0.0016	0.9546	0
chr3:75719068:C/T	637	2	1275	2	1916	0.3325	0	0.001	0.6654	0
chr3:75719071:C/T	881	2	2521	428	3832	0.2299	0	5e-4	0.6579	0
chr3:75719072:G/A	2178	25	1484	145	3832	0.5684	0	0.0065	0.3873	3
chr3:75719073:A/G	4077	174	573	924	5748	0.7093	0	0.0303	0.0997	3
chr3:75719083:A/G	931	10	2581	310	3832	0.243	0	0.0026	0.6735	0
chr3:75719087:G/A	311	2	1601	2	1916	0.1623	0	0.001	0.8356	0
chr3:75719091:G/A	652	2	1260	2	1916	0.3403	0	0.001	0.6576	0
chr3:75719096:T/C	765	1148	0	3	1916	0.3993	0	0.5992	0	3
chr3:75719098:C/T	1653	70	191	2	1916	0.8627	1	0.0365	0.0997	1
chr3:75719122:C/A	626	2	1285	3	1916	0.3267	0	0.001	0.6707	0
chr3:75719137:C/A	1650	56	208	2	1916	0.8612	1	0.0292	0.1086	1
chr3:75719138:G/T	422	1	1491	2	1916	0.2203	0	5e-4	0.7782	0
chr3:75719139:C/T	634	2	1278	2	1916	0.3309	0	0.001	0.667	0
chr3:75719149:C/T	99	2	1813	2	1916	0.0517	0	0.001	0.9462	0
chr3:75719150:G/A/C	1082	6	2734	10	3832	0.2824	0	0.0016	0.7135	0
chr3:75719154:C/A/T	1669	28	2103	32	3832	0.4355	0	0.0073	0.5488	3
chr3:75719158:C/G/T	762	4	3058	8	3832	0.1989	0	0.001	0.798	0
chr3:75719159:G/A/C	1760	97	1874	101	3832	0.4593	0	0.0253	0.489	3
chr3:7620789:T/C	1556	30	324	6	1916	0.8121	1	0.0157	0.1691	1
chr4:138449683:A/G	77	1801	1	37	1916	0.0402	0	0.94	5e-4	2
chr4:165889947:C/T	12	1897	0	7	1916	0.0063	0	0.9901	0	2
chr4:1806012:-/T	1198	368	35	315	1916	0.6253	0	0.1921	0.0183	3
chr4:185310218:C/T	16	1898	0	2	1916	0.0084	0	0.9906	0	2
chr4:190878506:C/T	147	1	1740	28	1916	0.0767	0	5e-4	0.9081	0
chr4:190878538:A/-	78	1796	5	37	1916	0.0407	0	0.9374	0.0026	2
chr4:190878597:C/T	202	2	1687	25	1916	0.1054	0	0.001	0.8805	0
chr4:40337908:T/C	18	1879	0	19	1916	0.0094	0	0.9807	0	2
chr4:66280063:T/C	102	1	1795	18	1916	0.0532	0	5e-4	0.9368	0
chr4:90169925:A/G	11	1840	0	65	1916	0.0057	0	0.9603	0	2
chr5:112162854:HGMD_MUTATION	1842	49	25	0	1916	0.9614	1	0.0256	0.013	1
chr5:112899702:A/G	5	1905	0	6	1916	0.0026	0	0.9943	0	2
chr5:135382989:G/C	1450	98	346	22	1916	0.7568	0	0.0511	0.1806	3
chr5:13719022:T/G	118	1707	1	90	1916	0.0616	0	0.8909	5e-4	2
chr5:158204347:A/G	1494	335	74	13	1916	0.7797	0	0.1748	0.0386	3
chr5:158204425:A/G	1492	335	76	13	1916	0.7787	0	0.1748	0.0397	3
chr5:169461399:G/A	1434	346	101	35	1916	0.7484	0	0.1806	0.0527	3
chr5:169461547:C/T	1423	358	98	37	1916	0.7427	0	0.1868	0.0511	3
chr5:177422823:C/T	1588	47	275	6	1916	0.8288	1	0.0245	0.1435	1
chr5:177422876:T/C	8	1903	0	5	1916	0.0042	0	0.9932	0	2
chr5:34807928:C/T	119	1657	1	139	1916	0.0621	0	0.8648	5e-4	2
chr5:50057729:G/A/T	111	0	1770	35	1916	0.0579	0	0	0.9238	0
chr5:68715310:C/T	7	1908	0	1	1916	0.0037	0	0.9958	0	2
chr6:11755147:C/T	1858	25	33	0	1916	0.9697	1	0.013	0.0172	1
chr6:11755329:A/T	1850	28	37	1	1916	0.9656	1	0.0146	0.0193	1
chr6:160224798:C/T	840	568	226	282	1916	0.4384	0	0.2965	0.118	3
chr6:160225012:T/G	838	200	595	283	1916	0.4374	0	0.1044	0.3105	3
chr6:167550192:C/T	540	0	1375	1	1916	0.2818	0	0	0.7176	0
chr6:21201493:G/A	30	1883	0	3	1916	0.0157	0	0.9828	0	2
chr6:28359111:C/T	562	0	1340	14	1916	0.2933	0	0	0.6994	0
chr6:28359170:A/G	18	1654	1	243	1916	0.0094	0	0.8633	5e-4	2
chr6:31549590:C/G	1460	386	59	11	1916	0.762	0	0.2015	0.0308	3
chr6:348906:G/A	1905	1	10	0	1916	0.9943	1	5e-4	0.0052	1
chr6:41773576:G/C	1326	539	38	13	1916	0.6921	0	0.2813	0.0198	3
chr6:46867597:T/C	1720	186	9	1	1916	0.8977	1	0.0971	0.0047	1
chr6:46867717:C/T	8	1907	0	1	1916	0.0042	0	0.9953	0	2
chr6:7585967:GTCCCGCTCCGG/-	1720	26	170	0	1916	0.8977	1	0.0136	0.0887	1
chr7:106799996:C/T	125	0	1789	2	1916	0.0652	0	0	0.9337	0
chr7:106799997:G/A	142	1770	0	4	1916	0.0741	0	0.9238	0	2
chr7:11581121:T/C	3	1912	0	1	1916	0.0016	0	0.9979	0	2
chr7:117235055:HGMD_MUTATION	1469	244	168	35	1916	0.7667	0	0.1273	0.0877	3
chr7:149556518:C/T	70	1844	0	2	1916	0.0365	0	0.9624	0	2
chr7:44259706:G/A	1464	154	284	14	1916	0.7641	0	0.0804	0.1482	3
chr7:44259871:C/G/T	1461	149	286	20	1916	0.7625	0	0.0778	0.1493	3
chr7:50530987:HGMD_MUTATION	1654	81	173	8	1916	0.8633	1	0.0423	0.0903	1
chr7:63602429:G/A	1667	99	149	1	1916	0.87	1	0.0517	0.0778	1
chr7:83590852:T/C	1818	50	43	5	1916	0.9489	1	0.0261	0.0224	1
chr7:89856608:C/T	13	1903	0	0	1916	0.0068	0	0.9932	0	2
chr7:98460824:C/A	1777	93	14	32	1916	0.9275	1	0.0485	0.0073	1
chr8:11162496:A/C	14	1896	0	6	1916	0.0073	0	0.9896	0	2
chr8:113662299:T/G	1	1911	0	4	1916	5e-4	0	0.9974	0	2
chr8:126369898:G/C	10	1861	0	45	1916	0.0052	0	0.9713	0	2
chr8:29197672:A/G	12	1754	1	149	1916	0.0063	0	0.9154	5e-4	2
chr8:48777223:C/T	257	0	1652	7	1916	0.1341	0	0	0.8622	0
chr8:48777224:G/A	265	0	1645	6	1916	0.1383	0	0	0.8586	0
chr8:6793540:C/T	11	1825	0	80	1916	0.0057	0	0.9525	0	2
chr8:6793581:A/C/G/T	42	1777	0	97	1916	0.0219	0	0.9275	0	2
chr8:72965973:G/A	23	1885	1	7	1916	0.012	0	0.9838	5e-4	2
chr8:72966002:G/A	13	1895	1	7	1916	0.0068	0	0.989	5e-4	2
chr8:86389195:C/T	10	1901	0	5	1916	0.0052	0	0.9922	0	2
chr8:86389403:T/C	7	1890	0	19	1916	0.0037	0	0.9864	0	2
chr9:117853022:C/T	34	1831	0	51	1916	0.0177	0	0.9556	0	2
chr9:18504916:T/A	1258	188	399	71	1916	0.6566	0	0.0981	0.2082	3
chr9:19472001:T/A	1371	251	1781	429	3832	0.3578	0	0.0655	0.4648	3
chr9:27202662:C/T	1617	107	188	4	1916	0.8439	1	0.0558	0.0981	1
chr9:27202870:A/G	1627	108	177	4	1916	0.8492	1	0.0564	0.0924	1
chr9:33026572:T/C	189	1724	0	3	1916	0.0986	0	0.8998	0	2
chr9:36169494:G/A	1362	247	264	43	1916	0.7109	0	0.1289	0.1378	3
chr9:36169598:T/C	38	1823	1	54	1916	0.0198	0	0.9515	5e-4	2
chr9:37974743:T/C	56	1779	16	65	1916	0.0292	0	0.9285	0.0084	2
chr9:43849637:G/A	28	1883	0	5	1916	0.0146	0	0.9828	0	2
chr9:43849658:G/C	24	1887	0	5	1916	0.0125	0	0.9849	0	2
chr9:43849659:C/T	37	1874	0	5	1916	0.0193	0	0.9781	0	2
chr9:43849812:T/G	73	1838	0	5	1916	0.0381	0	0.9593	0	2
chr9:43849817:A/G	87	1824	0	5	1916	0.0454	0	0.952	0	2
chr9:5081585:A/G	1658	166	89	3	1916	0.8653	1	0.0866	0.0465	1
chr9:5081780:G/A	353	1551	0	12	1916	0.1842	0	0.8095	0	2
chr9:69238268:G/A	22	1892	0	2	1916	0.0115	0	0.9875	0	2
chr9:75545882:G/A	28	1881	0	7	1916	0.0146	0	0.9817	0	2
chr9:8389364:C/G	1352	95	435	34	1916	0.7056	0	0.0496	0.227	3
chr9:84607758:T/A	13	1832	0	71	1916	0.0068	0	0.9562	0	2
