chr	start	end	ID_amplicon	GC_content	mappability_score	tot_reads	GC_content_cat	mappability_cat	median_tot_reads_GCcat	median_overall	corr_fact	tot_reads_GCcorr	ampl_median	cov_quality
chr1	881402	881665	AMPL230191	0.6212121212121212	1	7565754	0.65	1	891094	1507632	1.6918888467434412	12800414.809804577	351	ok
chr1	9780646	9780901	AMPL230192	0.6484375	1	116074	0.65	1	891094	1507632	1.6918888467434412	196384.30599689818	4	low_cov_m5
chr1	19444150	19444419	AMPL230193	0.43703703703703706	1	2337076	0.45	1	2334349	1507632	0.6458468720829662	1509393.2244201703	112	ok
chr1	28862143	28862412	AMPL230194	0.45185185185185184	1	6930299	0.5	1	2148899.5	1507632	0.7015832988001532	4862182.034091403	348	ok
chr1	38304080	38304325	AMPL230195	0.44308943089430897	1	10909361	0.45	1	2334349	1507632	0.6458468720829662	7045776.6782739	540	high_cov_M500
chr1	47501477	47501746	AMPL230196	0.41481481481481486	1	5496938	0.45	1	2334349	1507632	0.6458468720829662	3550180.213333996	293	ok
chr1	57161458	57161727	AMPL230197	0.3888888888888889	1	5569563	0.4	1	1837577	1507632	0.8204456194216623	4569523.565442972	290	ok
chr1	66070530	66070770	AMPL230198	0.3817427385892116	1	3705118	0.4	1	1837577	1507632	0.8204456194216623	3039847.8325403505	187	ok
chr1	75622386	75622640	AMPL230199	0.39607843137254906	1	472963	0.4	1	1837577	1507632	0.8204456194216623	388040.42149852763	17	ok
chr1	78444413	78444682	AMPL230200	0.5666666666666667	1	4143858	0.6	1	1481156	1507632	1.017875227187413	4217930.403182379	217	ok
chr1	85015942	85016208	AMPL230201	0.28464419475655434	1	1123480	0.3	1	1076384.5	1507632	1.4006444723052032	1573596.0517454497	46	ok
chr1	94341052	94341297	AMPL230202	0.3292682926829268	1	2524335	0.35	1	1485893	1507632	1.0146302593793766	2561266.6758104386	123	ok
chr1	103468087	103468356	AMPL230203	0.3296296296296296	1	1875134	0.35	1	1485893	1507632	1.0146302593793766	1902567.696791088	77	ok
chr1	112991460	112991725	AMPL230204	0.37593984962406013	1	1660007	0.4	1	1837577	1507632	0.8204456194216623	1361945.4713592953	74	ok
chr1	115258503	115258768	AMPL230205	0.42105263157894735	1	3972680	0.45	1	2334349	1507632	0.6458468720829662	2565742.951786558	164	ok
chr1	118165785	118166054	AMPL230206	0.5	1	297005	0.5	1	2148899.5	1507632	0.7015832988001532	208373.74766013952	11	ok
chr1	118166061	118166325	AMPL230207	0.5018867924528302	1	774583	0.55	1	1327235	1507632	1.135919411407927	879863.8654465863	36	ok
chr1	144852010	144852279	AMPL230208	0.5037037037037037	0.5722107407407407	478245	0.55	0.6	1327235	1507632	1.135919411407927	543247.778908784	20	ok
chr1	150808640	150808909	AMPL230209	0.44074074074074077	1	3818667	0.45	1	2334349	1507632	0.6458468720829662	2466274.1374764442	191	ok
chr1	158532917	158533164	AMPL230210	0.532258064516129	1	963200	0.55	1	1327235	1507632	1.135919411407927	1094117.5770681154	41	ok
chr1	165377313	165377582	AMPL230211	0.5185185185185186	1	3694601	0.55	1	1327235	1507632	1.135919411407927	4196768.993307139	185	ok
chr1	167849167	167849436	AMPL230212	0.5259259259259259	1	9501573	0.55	1	1327235	1507632	1.135919411407927	10793021.20960945	489	ok
chr1	173878589	173878858	AMPL230213	0.5222222222222221	1	4965183	0.55	1	1327235	1507632	1.135919411407927	5640047.750892645	256	ok
chr1	182443213	182443482	AMPL230214	0.5074074074074074	1	9579559	0.55	1	1327235	1507632	1.135919411407927	10881607.02082751	519	high_cov_M500
chr1	196800797	196801066	AMPL230215	0.337037037037037	0.5	2231035	0.35	0.5	1485893	1507632	1.0146302593793766	2263675.620734467	87	ok
chr1	201046844	201047098	AMPL230216	0.607843137254902	1	1615321	0.65	1	891094	1507632	1.6918888467434412	2732943.583810462	80	ok
chr1	209782099	209782368	AMPL230217	0.5407407407407407	1	1315020	0.55	1	1327235	1507632	1.135919411407927	1493756.744389652	61	ok
chr1	222721050	222721311	AMPL230218	0.5381679389312977	1	2614743	0.55	1	1327235	1507632	1.135919411407927	2970137.3295429973	125	ok
chr1	229737925	229738193	AMPL230219	0.4684014869888476	1	4458734	0.5	1	2148899.5	1507632	0.7015832988001532	3128173.3081924026	231	ok
chr1	236700614	236700844	AMPL230220	0.35497835497835495	1	1216363	0.4	1	1837577	1507632	0.8204456194216623	997959.6949765914	32	ok
chr1	248039482	248039736	AMPL230221	0.4549019607843138	1	7727762	0.5	1	2148899.5	1507632	0.7015832988001532	5421668.756302469	417	ok
chr2	271792	272061	AMPL230222	0.4407407407407407	1	1818679	0.45	1	2334349	1507632	0.6458468720829662	1174588.143472977	88	ok
chr2	7023267	7023536	AMPL230223	0.37037037037037035	1	1698077	0.4	1	1837577	1507632	0.8204456194216623	1393179.8360906781	82	ok
chr2	11053507	11053769	AMPL230224	0.5931558935361216	1	1121077	0.6	1	1481156	1507632	1.017875227187413	1141116.5060695834	5	ok
chr2	18112479	18112748	AMPL230225	0.47777777777777775	1	2238379	0.5	1	2148899.5	1507632	0.7015832988001532	1570409.3227849882	110	ok
chr2	25063944	25064213	AMPL230226	0.6592592592592592	1	43398	0.7	1	395362	1507632	3.813295157349467	165489.38323865217	1	low_cov_m5
chr2	31560420	31560689	AMPL230227	0.5740740740740741	1	481560	0.6	1	1481156	1507632	1.017875227187413	490167.9944043706	21	ok
chr2	38178164	38178433	AMPL230228	0.42592592592592593	1	3131712	0.45	1	2334349	1507632	0.6458468720829662	2022606.3994646904	155	ok
chr2	44571445	44571699	AMPL230229	0.3058823529411765	1	1532845	0.35	1	1485893	1507632	1.0146302593793766	1555270.9199383804	74	ok
chr2	48906264	48906533	AMPL230230	0.3222222222222222	0.9555555555555556	2900011	0.35	1	1485893	1507632	1.0146302593793766	2942438.913133045	148	ok
chr2	55883087	55883356	AMPL230231	0.32222222222222224	1	1218488	0.35	1	1485893	1507632	1.0146302593793766	1236314.7954906577	56	ok
chr2	63086112	63086355	AMPL230232	0.3114754098360656	1	2999013	0.35	1	1485893	1507632	1.0146302593793766	3042889.338072122	149	ok
chr2	70315279	70315541	AMPL230233	0.6387832699619772	1	4546539	0.65	1	891094	1507632	1.6918888467434412	7692238.625384078	211	ok
chr2	75923181	75923425	AMPL230234	0.28979591836734697	1	569984	0.3	1	1076384.5	1507632	1.4006444723052032	798344.9389024089	18	ok
chr2	85554475	85554744	AMPL230235	0.5888888888888889	1	3121891	0.6	1	1481156	1507632	1.017875227187413	3177695.5108793397	151	ok
chr2	91635945	91636150	AMPL230236	0.674757281553398	0.7516169902912622	136972	0.7	0.8	395362	1507632	3.813295157349467	522314.6642924712	0	low_cov_m5
chr3	1363270	1363539	AMPL230237	0.4111111111111111	1	2330886	0.45	1	2334349	1507632	0.6458468720829662	1505395.4322819768	111	ok
chr3	7620740	7621009	AMPL230238	0.44074074074074077	1	885884	0.45	1	2334349	1507632	0.6458468720829662	572145.4104283465	41	ok
chr3	16305448	16305701	AMPL230239	0.35039370078740156	1	1196363	0.4	1	1837577	1507632	0.8204456194216623	981550.7825881582	56	ok
chr3	16419383	16419587	AMPL230240	0.5658536585365854	1	1472757	0.6	1	1481156	1507632	1.017875227187413	1499082.8659668528	67	ok
chr3	23930597	23930847	AMPL230241	0.33067729083665337	1	1827131	0.35	1	1485893	1507632	1.0146302593793766	1853862.4004500997	86	ok
chr3	31712144	31712413	AMPL230242	0.4703703703703703	1	2700477	0.5	1	2148899.5	1507632	0.7015832988001532	1894609.5619939414	134	ok
chr3	40285818	40286037	AMPL230243	0.5545454545454546	1	2293684	0.6	1	1481156	1507632	1.017875227187413	2334684.122596134	85	ok
chr3	46939699	46939968	AMPL230244	0.6222222222222222	1	237256	0.65	1	891094	1507632	1.6918888467434412	401410.7802229619	7	ok
chr3	47058890	47059159	AMPL230245	0.4666666666666667	1	1405517	0.5	1	2148899.5	1507632	0.7015832988001532	986087.253379695	63	ok
chr3	47125305	47125574	AMPL230246	0.44074074074074077	1	9927840	0.45	1	2334349	1507632	0.6458468720829662	6411864.410540155	516	high_cov_M500
chr3	47161644	47161906	AMPL230247	0.4448669201520913	1	2823453	0.45	1	2334349	1507632	0.6458468720829662	1823518.2885232673	140	ok
chr3	47165154	47165423	AMPL230248	0.3407407407407408	1	7468173	0.35	1	1485893	1507632	1.0146302593793766	7577434.308080057	402	ok
chr3	47165484	47165747	AMPL230249	0.5151515151515151	1	2402957	0.55	1	1327235	1507632	1.135919411407927	2729565.501078558	112	ok
chr3	53856436	53856693	AMPL230250	0.6356589147286822	1	146703	0.65	1	891094	1507632	1.6918888467434412	248205.16948380307	4	low_cov_m5
chr3	62262419	62262688	AMPL230251	0.3888888888888889	1	2723498	0.4	1	1837577	1507632	0.8204456194216623	2234482.003603658	134	ok
chr3	69150771	69151040	AMPL230252	0.36296296296296293	1	5318802	0.4	1	1837577	1507632	0.8204456194216623	4363787.801471177	276	ok
chr3	75718943	75719185	AMPL230253	0.6995884773662552	0.9917695473251029	26406788	0.7	1	395362	1507632	3.813295157349467	100696876.80155401	1367	high_cov_M500
chr3	85984728	85984997	AMPL230254	0.28888888888888886	1	1189616	0.3	1	1076384.5	1507632	1.4006444723052032	1666229.0745658267	51	ok
chr3	93733315	93733584	AMPL230255	0.31851851851851853	1	1054250	0.35	1	1485893	1507632	1.0146302593793766	1069673.9509507078	45	ok
chr3	102157090	102157359	AMPL230256	0.4111111111111111	1	6733580	0.45	1	2334349	1507632	0.6458468720829662	4348861.58092042	364	ok
chr3	111637757	111638002	AMPL230257	0.44715447154471544	1	2599258	0.45	1	2334349	1507632	0.6458468720829662	1678722.6490366266	132	ok
chr3	120495175	120495444	AMPL230258	0.45185185185185184	1	7652116	0.5	1	2148899.5	1507632	0.7015832988001532	5368596.786081433	406	ok
chr3	129286226	129286435	AMPL230259	0.6	1	259079	0.6	1	1481156	1507632	1.017875227187413	263710.09598448774	8	ok
chr3	138247899	138248155	AMPL230260	0.4046692607003891	1	3133132	0.45	1	2334349	1507632	0.6458468720829662	2023523.502023048	156	ok
chr3	146177605	146177835	AMPL230261	0.5151515151515151	1	1327235	0.55	1	1327235	1507632	1.135919411407927	1507632	63	ok
chr3	155481430	155481655	AMPL230262	0.3141592920353982	1	6594546	0.35	1	1485893	1507632	1.0146302593793766	6691025.918469231	332	ok
chr3	164725656	164725858	AMPL230263	0.2857142857142857	1	592188	0.3	1	1076384.5	1507632	1.4006444723052032	829444.8487654737	27	ok
chr3	173996519	173996773	AMPL230264	0.3607843137254902	1	2904484	0.4	1	1837577	1507632	0.8204456194216623	2382971.1744803074	143	ok
chr3	183211660	183211929	AMPL230265	0.45555555555555555	1	2484932	0.5	1	2148899.5	1507632	0.7015832988001532	1743386.7898540625	127	ok
chr3	192078005	192078274	AMPL230266	0.38888888888888884	1	2517926	0.4	1	1837577	1507632	0.8204456194216623	2065821.3567279084	128	ok
chr3	196674635	196674904	AMPL230267	0.6222222222222222	1	187184	0.65	1	891094	1507632	1.6918888467434412	316694.5218888243	7	ok
chr4	494021	494273	AMPL230268	0.43478260869565216	1	8031539	0.45	1	2334349	1507632	0.6458468720829662	5187144.341162355	406	ok
chr4	1805878	1806138	AMPL230269	0.6666666666666667	1	766688	0.7	1	395362	1507632	3.813295157349467	2923607.637597948	25	ok
chr4	1807733	1807951	AMPL230270	0.6484018264840182	1	20035	0.65	1	891094	1507632	1.6918888467434412	33896.993044504845	0	low_cov_m5
chr4	4249663	4249932	AMPL230271	0.6518518518518519	1	654254	0.7	1	395362	1507632	3.813295157349467	2494863.609876518	25	ok
chr4	8206833	8207102	AMPL230272	0.6666666666666667	1	692687	0.7	1	395362	1507632	3.813295157349467	2641419.98265893	28	ok
chr4	11401268	11401517	AMPL230273	0.6559999999999999	1	324125	0.7	1	395362	1507632	3.813295157349467	1235984.292875896	8	ok
chr4	15690229	15690498	AMPL230274	0.36296296296296293	0.9629629629629629	200295	0.4	1	1837577	1507632	0.8204456194216623	164331.15534206186	5	ok
chr4	17875793	17876062	AMPL230275	0.36296296296296293	1	1488966	0.4	1	1837577	1507632	0.8204456194216623	1221615.6321677947	67	ok
chr4	20512472	20512741	AMPL230276	0.337037037037037	1	3006598	0.35	1	1485893	1507632	1.0146302593793766	3050585.308589515	152	ok
chr4	25013746	25014000	AMPL230277	0.5019607843137255	1	2270459	0.55	1	1327235	1507632	1.135919411407927	2579058.4509058306	109	ok
chr4	26416905	26417174	AMPL230278	0.34814814814814815	1	1292092	0.35	1	1485893	1507632	1.0146302593793766	1310995.6411020174	58	ok
chr4	30725310	30725579	AMPL230279	0.4703703703703703	1	1058549	0.5	1	2148899.5	1507632	0.7015832988001532	742660.2993616035	23	ok
chr4	36121087	36121311	AMPL230280	0.28	1	1209613	0.3	1	1076384.5	1507632	1.4006444723052032	1694237.7620785136	55	ok
chr4	40337659	40337928	AMPL230281	0.4444444444444444	1	1500291	0.45	1	2334349	1507632	0.6458468720829662	968958.2495642254	65	ok
chr4	42414781	42415038	AMPL230282	0.46899224806201556	1	4796351	0.5	1	2148899.5	1507632	0.7015832988001532	3365039.7567834137	248	ok
chr4	48172037	48172296	AMPL230283	0.3192307692307692	1	1083940	0.35	1	1485893	1507632	1.0146302593793766	1099798.3233516815	48	ok
chr4	55133238	55133494	AMPL230284	0.43190661478599224	1	1160421	0.45	1	2334349	1507632	0.6458468720829662	749454.2731493877	56	ok
chr4	66279819	66280088	AMPL230285	0.4703703703703703	1	614588	0.5	1	2148899.5	1507632	0.7015832988001532	431184.67644298857	28	ok
chr4	75246545	75246814	AMPL230286	0.4	1	7092266	0.4	1	1837577	1507632	0.8204456194216623	5818818.571473195	389	ok
chr4	83799749	83800015	AMPL230287	0.36704119850187267	1	2561483	0.4	1	1837577	1507632	0.8204456194216623	2101557.5065730577	129	ok
chr4	90169878	90170147	AMPL230288	0.5111111111111111	1	897257	0.55	1	1327235	1507632	1.135919411407927	1019211.6433216423	42	ok
chr4	100125898	100126138	AMPL230289	0.37344398340248963	1	1187667	0.4	1	1837577	1507632	0.8204456194216623	974416.1874816674	56	ok
chr4	108614890	108615159	AMPL230290	0.4444444444444444	1	240925	0.45	1	2334349	1507632	0.6458468720829662	155600.65765658862	11	ok
chr4	114824367	114824633	AMPL230291	0.4269662921348315	1	952233	0.45	1	2334349	1507632	0.6458468720829662	614996.7045441791	31	ok
chr4	123328873	123329103	AMPL230292	0.3203463203463204	1	669278	0.35	1	1485893	1507632	1.0146302593793766	679069.7107369103	31	ok
chr4	129792582	129792851	AMPL230293	0.47777777777777775	1	1473545	0.5	1	2148899.5	1507632	0.7015832988001532	1033814.5620304719	71	ok
chr4	138449443	138449708	AMPL230294	0.3458646616541353	1	2464428	0.35	1	1485893	1507632	1.0146302593793766	2500483.220861798	123	ok
chr4	154479215	154479453	AMPL230295	0.38493723849372385	1	202812	0.4	1	1837577	1507632	0.8204456194216623	166396.21696614617	2	low_cov_m5
chr4	165889769	165890038	AMPL230296	0.33333333333333337	0.5592592592592592	3104627	0.35	0.6	1485893	1507632	1.0146302593793766	3150048.4982862156	158	ok
chr4	177060842	177061111	AMPL230297	0.3111111111111111	1	1105463	0.35	1	1485893	1507632	1.0146302593793766	1121636.2104243038	52	ok
chr4	185309994	185310259	AMPL230298	0.537593984962406	1	2018742	0.55	1	1327235	1507632	1.135919411407927	2293128.2244244614	93	ok
chr4	190878351	190878620	AMPL230299	0.3222222222222222	0.8111107407407407	1154744	0.35	0.9	1485893	1507632	1.0146302593793766	1171638.204236779	54	ok
chr5	181518	181787	AMPL230300	0.5518518518518518	1	706684	0.6	1	1481156	1507632	1.017875227187413	719316.1370497098	30	ok
chr5	5242032	5242295	AMPL230301	0.4545454545454546	1	888271	0.5	1	2148899.5	1507632	0.7015832988001532	623196.0984085109	40	ok
chr5	9154411	9154679	AMPL230302	0.5613382899628253	1	6305797	0.6	1	1481156	1507632	1.017875227187413	6418514.553972707	333	ok
chr5	10282259	10282448	AMPL230303	0.3894736842105263	1	439559	0.4	1	1837577	1507632	0.8204456194216623	360634.25602736644	17	ok
chr5	13718773	13719042	AMPL230304	0.4111111111111111	1	493108	0.45	1	2334349	1507632	0.6458468720829662	318472.2593990873	26	ok
chr5	16794670	16794939	AMPL230305	0.6518518518518518	1	1170425	0.7	1	395362	1507632	3.813295157349467	4463175.984540749	59	ok
chr5	24593197	24593440	AMPL230306	0.3073770491803279	1	1249192	0.35	1	1485893	1507632	1.0146302593793766	1267468.0029746422	58	ok
chr5	31302040	31302309	AMPL230307	0.3888888888888889	1	2097364	0.4	1	1837577	1507632	0.8204456194216623	1720773.1061326952	106	ok
chr5	34807679	34807948	AMPL230308	0.437037037037037	1	317219	0.45	1	2334349	1507632	0.6458468720829662	204874.89891528647	14	ok
chr5	37016930	37017197	AMPL230309	0.27238805970149255	1	680242	0.3	1	1076384.5	1507632	1.4006444723052032	952777.197129836	29	ok
chr5	37721013	37721282	AMPL230310	0.39629629629629626	1	4862502	0.4	1	1837577	1507632	0.8204456194216623	3989418.4653290715	247	ok
chr5	40716267	40716513	AMPL230311	0.42914979757085026	1	5717484	0.45	1	2334349	1507632	0.6458468720829662	3692619.157584406	287	ok
chr5	44809048	44809297	AMPL230312	0.6759999999999999	1	127991	0.7	1	395362	1507632	3.813295157349467	488067.46048431564	5	ok
chr5	50057484	50057752	AMPL230313	0.3420074349442379	1	258597	0.35	1	1485893	1507632	1.0146302593793766	262380.34118472866	12	ok
chr5	61645770	61645993	AMPL230314	0.3035714285714286	1	645305	0.35	1	1485893	1507632	1.0146302593793766	654745.9795288086	30	ok
chr5	68715161	68715421	AMPL230315	0.49808429118773945	1	4085314	0.5	1	2148899.5	1507632	0.7015832988001532	2866188.072754449	208	ok
chr5	82817612	82817876	AMPL230316	0.4188679245283019	1	1225746	0.45	1	2334349	1507632	0.6458468720829662	791644.2200682075	58	ok
chr5	89948797	89949066	AMPL230317	0.34814814814814815	1	551649	0.35	1	1485893	1507632	1.0146302593793766	559719.7679563737	25	ok
chr5	101709009	101709235	AMPL230318	0.31718061674008813	1	711605	0.35	1	1485893	1507632	1.0146302593793766	722015.9657256613	29	ok
chr5	112162650	112162879	AMPL230319	0.32173913043478264	1	3755213	0.35	1	1485893	1507632	1.0146302593793766	3810152.740214807	181	ok
chr5	112899500	112899769	AMPL230320	0.40740740740740744	1	1473272	0.45	1	2334349	1507632	0.6458468720829662	951508.1129274158	72	ok
chr5	114573403	114573651	AMPL230321	0.36947791164658633	0.8500594377510041	2136413	0.4	0.9	1837577	1507632	0.8204456194216623	1752810.6871254917	106	ok
chr5	122130755	122130999	AMPL230322	0.34285714285714286	1	1347097	0.35	1	1485893	1507632	1.0146302593793766	1366805.37851918	60	ok
chr5	132435116	132435322	AMPL230323	0.3429951690821256	1	768288	0.35	1	1485893	1507632	1.0146302593793766	779528.2527180625	35	ok
chr5	135382739	135383008	AMPL230324	0.5111111111111111	1	778610	0.55	1	1327235	1507632	1.135919411407927	884438.212916326	35	ok
chr5	145523616	145523861	AMPL230325	0.36585365853658536	1	1241139	0.4	1	1837577	1507632	0.8204456194216623	1018287.0556433825	61	ok
chr5	158204179	158204448	AMPL230326	0.38148148148148153	1	1565843	0.4	1	1837577	1507632	0.8204456194216623	1284689.030052074	77	ok
chr5	169461344	169461594	AMPL230327	0.5896414342629482	1	612444	0.6	1	1481156	1507632	1.017875227187413	623391.5756395679	24	ok
chr5	177422665	177422934	AMPL230328	0.5703703703703704	1	4597818	0.6	1	1481156	1507632	1.017875227187413	4680005.041316377	237	ok
chr6	348669	348938	AMPL230329	0.5444444444444444	1	6464072	0.55	1	1327235	1507632	1.135919411407927	7342664.861538461	327	ok
chr6	7585785	7586054	AMPL230330	0.5777777777777777	1	931407	0.6	1	1481156	1507632	1.017875227187413	948056.1117289468	42	ok
chr6	11755084	11755350	AMPL230331	0.46441947565543074	1	3933078	0.5	1	2148899.5	1507632	0.7015832988001532	2759381.837678309	192	ok
chr6	17637652	17637921	AMPL230332	0.4111111111111111	1	4667259	0.45	1	2334349	1507632	0.6458468720829662	3014334.626351073	236	ok
chr6	21201307	21201536	AMPL230333	0.4391304347826087	1	1421758	0.45	1	2334349	1507632	0.6458468720829662	918237.9571589339	62	ok
chr6	28359083	28359346	AMPL230334	0.4204545454545454	1	2452153	0.45	1	2334349	1507632	0.6458468720829662	1583715.3449188618	114	ok
chr6	31549161	31549430	AMPL230335	0.5629629629629629	1	1707122	0.6	1	1481156	1507632	1.017875227187413	1737637.1935866307	70	ok
chr6	31549448	31549646	AMPL230336	0.6381909547738693	1	728193	0.65	1	891094	1507632	1.6918888467434412	1232021.6149766466	32	ok
chr6	31549942	31550201	AMPL230337	0.6269230769230769	1	10231768	0.65	1	891094	1507632	1.6918888467434412	17311014.161666445	416	ok
chr6	36823357	36823626	AMPL230338	0.45185185185185184	1	3868347	0.5	1	2148899.5	1507632	0.7015832988001532	2713967.6491636764	196	ok
chr6	41773328	41773597	AMPL230339	0.5592592592592592	1	876618	0.6	1	1481156	1507632	1.017875227187413	892287.7459065756	37	ok
chr6	46867549	46867818	AMPL230340	0.4	1	3712062	0.4	1	1837577	1507632	0.8204456194216623	3045545.0069216145	191	ok
chr6	49668206	49668462	AMPL230341	0.41245136186770426	1	1763528	0.45	1	2334349	1507632	0.6458468720829662	1138969.0426307293	83	ok
chr6	55739307	55739576	AMPL230342	0.4629629629629629	1	1508504	0.5	1	2148899.5	1507632	0.7015832988001532	1058341.2125732263	70	ok
chr6	66044730	66044969	AMPL230343	0.29583333333333334	1	143963	0.3	1	1076384.5	1507632	1.4006444723052032	201640.98016647395	5	ok
chr6	76420847	76421116	AMPL230344	0.3296296296296296	1	1407130	0.35	1	1485893	1507632	1.0146302593793766	1427716.6768805021	66	ok
chr6	84627496	84627765	AMPL230345	0.3555555555555555	1	14843	0.4	1	1837577	1507632	0.8204456194216623	12177.874329075734	0	low_cov_m5
chr6	96986360	96986620	AMPL230346	0.3716475095785441	1	693220	0.4	1	1837577	1507632	0.8204456194216623	568749.3122954847	33	ok
chr6	102307075	102307344	AMPL230347	0.362962962962963	1	2463970	0.4	1	1837577	1507632	0.8204456194216623	2021553.3928863932	117	ok
chr6	111696621	111696877	AMPL230348	0.36964980544747084	1	2967390	0.4	1	1837577	1507632	0.8204456194216623	2434582.1266156463	161	ok
chr6	119228507	119228773	AMPL230349	0.37827715355805247	1	1250228	0.4	1	1837577	1507632	0.8204456194216623	1025744.085878306	58	ok
chr6	131995994	131996262	AMPL230350	0.30855018587360594	1	2633877	0.35	1	1485893	1507632	1.0146302593793766	2672411.303683374	135	ok
chr6	138724577	138724846	AMPL230351	0.6925925925925926	1	1357989	0.7	1	395362	1507632	3.813295157349467	5178412.877433845	60	ok
chr6	139497899	139498168	AMPL230352	0.5037037037037038	1	1862635	0.55	1	1327235	1507632	1.135919411407927	2115803.252867804	90	ok
chr6	149699956	149700225	AMPL230353	0.437037037037037	1	2006210	0.45	1	2334349	1507632	0.6458468720829662	1295704.4532415676	95	ok
chr6	151152737	151153005	AMPL230354	0.5836431226765799	1	1803948	0.6	1	1481156	1507632	1.017875227187413	1836193.9803342794	81	ok
chr6	160224770	160225039	AMPL230355	0.4740740740740741	1	658855	0.5	1	2148899.5	1507632	0.7015832988001532	462241.664330975	15	ok
chr6	167549942	167550211	AMPL230356	0.5148148148148148	1	2734890	0.55	1	1327235	1507632	1.135919411407927	3106614.6390654254	129	ok
chr7	302749	302990	AMPL230357	0.6033057851239669	0.6558252066115703	891094	0.65	0.7	891094	1507632	1.6918888467434412	1507632	40	ok
chr7	4959591	4959828	AMPL230358	0.6554621848739496	1	213702	0.7	1	395362	1507632	3.813295157349467	814908.8017158958	8	ok
chr7	11580905	11581155	AMPL230359	0.42629482071713143	1	4807057	0.45	1	2334349	1507632	0.6458468720829662	3104622.727374527	250	ok
chr7	15666224	15666486	AMPL230360	0.3802281368821293	1	753452	0.4	1	1837577	1507632	0.8204456194216623	618166.3928444902	12	ok
chr7	19156336	19156527	AMPL230361	0.609375	1	144767	0.65	1	891094	1507632	1.6918888467434412	244929.67267650776	3	low_cov_m5
chr7	23213604	23213864	AMPL230362	0.4061302681992337	1	2557660	0.45	1	2334349	1507632	0.6458468720829662	1651856.7108517194	126	ok
chr7	27833858	27834100	AMPL230363	0.34156378600823045	1	1205902	0.35	1	1485893	1507632	1.0146302593793766	1223544.659046109	58	ok
chr7	32584124	32584392	AMPL230364	0.33085501858736055	1	1947898	0.35	1	1485893	1507632	1.0146302593793766	1976396.252984569	95	ok
chr7	40036928	40037197	AMPL230365	0.3296296296296296	1	765294	0.35	1	1485893	1507632	1.0146302593793766	776490.4497214806	37	ok
chr7	44259623	44259890	AMPL230366	0.6417910447761195	1	2091072	0.65	1	891094	1507632	1.6918888467434412	3537861.394537501	89	ok
chr7	50530860	50531129	AMPL230367	0.5444444444444445	1	4233003	0.55	1	1327235	1507632	1.135919411407927	4808350.276247989	216	ok
chr7	55980163	55980432	AMPL230368	0.4185185185185185	1	1417683	0.45	1	2334349	1507632	0.6458468720829662	915606.1311551958	66	ok
chr7	63602199	63602468	AMPL230369	0.48148148148148145	0.8811111111111112	2554812	0.5	0.9	2148899.5	1507632	0.7015832988001532	1792413.430774217	112	ok
chr7	76111893	76112117	AMPL230370	0.6222222222222222	0.5955555555555555	2870501	0.65	0.6	891094	1507632	1.6918888467434412	4856568.626465894	116	ok
chr7	83590614	83590875	AMPL230371	0.4351145038167939	1	5949819	0.45	1	2334349	1507632	0.6458468720829662	3842671.990609802	288	ok
chr7	89856381	89856646	AMPL230372	0.40601503759398494	1	3237221	0.45	1	2334349	1507632	0.6458468720829662	2090749.057091292	157	ok
chr7	98460585	98460843	AMPL230373	0.5791505791505791	1	2781264	0.6	1	1481156	1507632	1.017875227187413	2830979.725868173	124	ok
chr7	106799782	106800022	AMPL230374	0.3568464730290456	1	1088073	0.4	1	1837577	1507632	0.8204456194216623	892704.7264609863	52	ok
chr7	117234812	117235080	AMPL230375	0.3011152416356877	1	1485893	0.35	1	1485893	1507632	1.0146302593793766	1507632	69	ok
chr7	127221909	127222178	AMPL230376	0.4740740740740741	1	7563731	0.5	1	2148899.5	1507632	0.7015832988001532	5306587.346216982	400	ok
chr7	132192086	132192336	AMPL230377	0.5577689243027888	1	9111487	0.6	1	1481156	1507632	1.017875227187413	9274356.90014016	456	ok
chr7	137128590	137128854	AMPL230378	0.35094339622641507	1	2098084	0.4	1	1837577	1507632	0.8204456194216623	1721363.8269786788	107	ok
chr7	143042596	143042857	AMPL230379	0.6717557251908397	1	257086	0.7	1	395362	1507632	3.813295157349467	980344.7988223451	10	ok
chr7	149556268	149556537	AMPL230380	0.5629629629629629	1	1319999	0.6	1	1481156	1507632	1.017875227187413	1343594.2820121578	61	ok
chr8	401214	401455	AMPL230381	0.37603305785123964	1	899490	0.4	1	1837577	1507632	0.8204456194216623	737982.630213591	40	ok
chr8	3253524	3253789	AMPL230382	0.4699248120300752	1	13157	0.5	1	2148899.5	1507632	0.7015832988001532	9230.731462313615	0	low_cov_m5
chr8	6793335	6793601	AMPL230383	0.4269662921348315	1	1507632	0.45	1	2334349	1507632	0.6458468720829662	973699.4114521865	72	ok
chr8	11162273	11162535	AMPL230384	0.4106463878326996	1	4258054	0.45	1	2334349	1507632	0.6458468720829662	2750050.8570603626	219	ok
chr8	17159436	17159703	AMPL230385	0.39925373134328357	1	2658753	0.4	1	1837577	1507632	0.8204456194216623	2181362.2519742027	134	ok
chr8	20110101	20110370	AMPL230386	0.6111111111111112	1	654666	0.65	1	891094	1507632	1.6918888467434412	1107622.1037421417	29	ok
chr8	23106483	23106752	AMPL230387	0.4703703703703703	1	793293	0.5	1	2148899.5	1507632	0.7015832988001532	556561.11985507	36	ok
chr8	24774547	24774816	AMPL230388	0.4555555555555556	1	866505	0.5	1	2148899.5	1507632	0.7015832988001532	607925.4363268268	38	ok
chr8	29197534	29197723	AMPL230389	0.631578947368421	1	246503	0.65	1	891094	1507632	1.6918888467434412	417055.6763887985	10	ok
chr8	33246593	33246862	AMPL230390	0.46296296296296297	1	1906665	0.5	1	2148899.5	1507632	0.7015832988001532	1337684.320406794	94	ok
chr8	37730271	37730540	AMPL230391	0.5111111111111111	1	64181	0.55	1	1327235	1507632	1.135919411407927	72904.44374357216	3	low_cov_m5
chr8	41574989	41575241	AMPL230392	0.6047430830039526	1	3881727	0.65	1	891094	1507632	1.6918888467434412	6567450.617402878	192	ok
chr8	48777006	48777257	AMPL230393	0.49603174603174605	1	2444415	0.5	1	2148899.5	1507632	0.7015832988001532	1714960.7393365765	120	ok
chr8	57892438	57892707	AMPL230394	0.37037037037037035	1	1213816	0.4	1	1837577	1507632	0.8204456194216623	995870.0199839245	58	ok
chr8	66620150	66620380	AMPL230395	0.4242424242424242	1	886011	0.45	1	2334349	1507632	0.6458468720829662	572227.432981101	43	ok
chr8	72965769	72966038	AMPL230396	0.4444444444444444	1	4782139	0.45	1	2334349	1507632	0.6458468720829662	3088529.515015964	253	ok
chr8	86389156	86389425	AMPL230397	0.4185185185185185	1	1529675	0.45	1	2334349	1507632	0.6458468720829662	987935.8140535114	71	ok
chr8	95888066	95888335	AMPL230398	0.337037037037037	1	594766	0.35	1	1485893	1507632	1.0146302593793766	603467.5808500343	23	ok
chr8	105509739	105510008	AMPL230399	0.37407407407407406	1	3054486	0.4	1	1837577	1507632	0.8204456194216623	2506039.6582847955	153	ok
chr8	113662153	113662412	AMPL230400	0.28076923076923077	1	1637034	0.3	1	1076384.5	1507632	1.4006444723052032	2292902.623075676	76	ok
chr8	120582784	120583052	AMPL230401	0.2788104089219331	1	664407	0.3	1	1076384.5	1507632	1.4006444723052032	930597.9919108831	31	ok
chr8	126369774	126370035	AMPL230402	0.4312977099236641	1	1272935	0.45	1	2334349	1507632	0.6458468720829662	822121.0881149305	55	ok
chr8	128750505	128750733	AMPL230403	0.6200873362445415	1	7035850	0.65	1	891094	1507632	1.6918888467434412	11903876.142359842	353	ok
chr8	139697278	139697521	AMPL230404	0.5450819672131147	1	143779	0.55	1	1327235	1507632	1.135919411407927	163321.35705282033	3	low_cov_m5
chr8	146015538	146015807	AMPL230405	0.5629629629629629	1	514000	0.6	1	1481156	1507632	1.017875227187413	523187.86677433026	16	ok
chr9	2811264	2811530	AMPL230406	0.5168539325842696	1	2347613	0.55	1	1327235	1507632	1.135919411407927	2666699.1771735977	119	ok
chr9	5081531	5081800	AMPL230407	0.3296296296296296	1	7371837	0.35	1	1485893	1507632	1.0146302593793766	7479688.887412485	398	ok
chr9	8389119	8389388	AMPL230408	0.3888888888888889	1	903135	0.4	1	1837577	1507632	0.8204456194216623	740973.1544963829	43	ok
chr9	14775731	14775925	AMPL230409	0.46153846153846156	1	145122	0.5	1	2148899.5	1507632	0.7015832988001532	101815.17148847584	5	ok
chr9	18504672	18504941	AMPL230410	0.5333333333333333	1	756480	0.55	1	1327235	1507632	1.135919411407927	859300.3163418686	34	ok
chr9	19471753	19472022	AMPL230411	0.5222222222222221	1	410807	0.55	1	1327235	1507632	1.135919411407927	466643.64564225625	17	ok
chr9	22447529	22447718	AMPL230412	0.6894736842105263	1	440135	0.7	1	395362	1507632	3.813295157349467	1678364.6640800077	16	ok
chr9	27202626	27202895	AMPL230413	0.3851851851851852	1	4709500	0.4	1	1837577	1507632	0.8204456194216623	3863888.6446663183	239	ok
chr9	33026343	33026599	AMPL230414	0.38521400778210113	1	3300454	0.4	1	1837577	1507632	0.8204456194216623	2707843.026402703	174	ok
chr9	36169351	36169620	AMPL230415	0.4962962962962963	1	1151160	0.5	1	2148899.5	1507632	0.7015832988001532	807634.6302467844	48	ok
chr9	37974500	37974764	AMPL230416	0.6113207547169811	1	4509022	0.65	1	891094	1507632	1.6918888467434412	7628764.031520804	225	ok
chr9	43849601	43849870	AMPL230417	0.48518518518518516	0.4305555555555556	10156595	0.5	0.5	2148899.5	1507632	0.7015832988001532	7125697.424677143	487	ok
chr9	67298305	67298574	AMPL230418	0.4	0.49351814814814815	354517	0.4	0.5	1837577	1507632	0.8204456194216623	290861.91966050945	11	ok
chr9	69238035	69238304	AMPL230419	0.34814814814814815	0.48025407407407406	2372123	0.35	0.5	1485893	1507632	1.0146302593793766	2406827.774769785	125	ok
chr9	75545637	75545905	AMPL230420	0.4275092936802974	1	4345611	0.45	1	2334349	1507632	0.6458468720829662	2806599.271639331	235	ok
chr9	79985818	79986087	AMPL230421	0.39629629629629626	1	1376667	0.4	1	1837577	1507632	0.8204456194216623	1129480.4095523616	61	ok
chr9	84607512	84607781	AMPL230422	0.4629629629629629	0.6046277777777779	609414	0.5	0.7	2148899.5	1507632	0.7015832988001532	427554.6844549966	29	ok
chr9	89771387	89771643	AMPL230423	0.3891050583657587	1	3055659	0.4	1	1837577	1507632	0.8204456194216623	2507002.0409963774	152	ok
chr9	95888626	95888878	AMPL230424	0.6363636363636364	1	305102	0.65	1	891094	1507632	1.6918888467434412	516198.6709191174	12	ok
chr9	100190545	100190814	AMPL230425	0.37777777777777777	1	2389759	0.4	1	1837577	1507632	0.8204456194216623	1960667.3030234922	123	ok
chr9	107560584	107560853	AMPL230426	0.4629629629629629	1	1361655	0.5	1	2148899.5	1507632	0.7015832988001532	955314.4067277226	65	ok
chr9	117852773	117853042	AMPL230427	0.5777777777777777	1	1071740	0.6	1	1481156	1507632	1.017875227187413	1090897.595985838	51	ok
chr9	127995911	127996100	AMPL230428	0.4631578947368421	1	1158817	0.5	1	2148899.5	1507632	0.7015832988001532	813006.6535656971	53	ok
chr9	133738050	133738312	AMPL230429	0.5513307984790875	1	754653	0.6	1	1481156	1507632	1.017875227187413	768142.5938226627	34	ok
chr9	139794675	139794944	AMPL230430	0.5407407407407407	1	3726231	0.55	1	1327235	1507632	1.135919411407927	4232698.124289971	186	ok
chr9	140704205	140704474	AMPL230431	0.6111111111111112	0.7481466666666666	97737	0.65	0.8	891094	1507632	1.6918888467434412	165360.14021416372	4	low_cov_m5
chr10	93712	93974	AMPL230432	0.5665399239543727	0.5259836501901141	2125974	0.6	0.6	1481156	1507632	1.017875227187413	2163976.268244533	104	ok
chr10	1717120	1717389	AMPL230433	0.5111111111111112	0.8357959259259259	4287616	0.55	0.9	1327235	1507632	1.135919411407927	4870386.2430632105	207	ok
chr10	5496785	5497054	AMPL230434	0.40740740740740744	1	1664831	0.45	1	2334349	1507632	0.6458468720829662	1075225.8938967567	80	ok
chr10	7762647	7762916	AMPL230435	0.437037037037037	1	3757165	0.45	1	2334349	1507632	0.6458468720829662	2426553.2631495977	189	ok
chr10	11805129	11805398	AMPL230436	0.625925925925926	1	111576	0.65	1	891094	1507632	1.6918888467434412	188774.1899642462	4	low_cov_m5
chr10	13653409	13653678	AMPL230437	0.35555555555555557	1	43955	0.4	1	1837577	1507632	0.8204456194216623	36062.68720167917	2	low_cov_m5
chr10	17110460	17110669	AMPL230438	0.3238095238095238	1	137711	0.35	1	1485893	1507632	1.0146302593793766	139725.74764939334	4	low_cov_m5
chr10	20290519	20290788	AMPL230439	0.4222222222222222	1	1419238	0.45	1	2334349	1507632	0.6458468720829662	916610.4230412848	68	ok
chr10	22605308	22605497	AMPL230440	0.6368421052631579	1	56489	0.65	1	891094	1507632	1.6918888467434412	95573.10906369025	0	low_cov_m5
chr10	28228702	28228892	AMPL230441	0.4397905759162304	1	311038	0.45	1	2334349	1507632	0.6458468720829662	200882.91939894165	13	ok
chr10	33015618	33015830	AMPL230442	0.29107981220657275	1	514521	0.3	1	1076384.5	1507632	1.4006444723052032	720660.9945349455	22	ok
chr10	38407273	38407542	AMPL230443	0.3925925925925926	0.9555555555555556	10139035	0.4	1	1837577	1507632	0.8204456194216623	8318526.850912914	560	high_cov_M500
chr10	43280843	43281110	AMPL230444	0.3843283582089552	0.9614425373134329	1043606	0.4	1	1837577	1507632	0.8204456194216623	856221.9711021633	50	ok
chr10	47000036	47000305	AMPL230445	0.6925925925925926	1	5226085	0.7	1	395362	1507632	3.813295157349467	19928604.62239669	263	ok
chr10	54074509	54074776	AMPL230446	0.6156716417910448	1	1336325	0.65	1	891094	1507632	1.6918888467434412	2260913.3631244292	61	ok
chr10	64945171	64945394	AMPL230447	0.38839285714285715	1	268734	0.4	1	1837577	1507632	0.8204456194216623	220481.633089661	10	ok
chr10	69773602	69773864	AMPL230448	0.3269961977186312	1	1190171	0.35	1	1485893	1507632	1.0146302593793766	1207583.510435812	57	ok
chr10	73455128	73455388	AMPL230449	0.6091954022988506	1	883927	0.65	1	891094	1507632	1.6918888467434412	1495506.2326353898	39	ok
chr10	76855167	76855432	AMPL230450	0.5338345864661653	1	148982	0.55	1	1327235	1507632	1.135919411407927	169231.54575037578	0	low_cov_m5
chr10	84745012	84745277	AMPL230451	0.45864661654135336	1	4396662	0.5	1	2148899.5	1507632	0.7015832988001532	3084624.6296692793	238	ok
chr10	88730095	88730339	AMPL230452	0.6122448979591837	1	1143959	0.65	1	891094	1507632	1.6918888467434412	1935451.4732317803	22	ok
chr10	93607910	93608170	AMPL230453	0.3486590038314176	1	397799	0.35	1	1485893	1507632	1.0146302593793766	403618.90255085664	16	ok
chr10	99219641	99219910	AMPL230454	0.4962962962962963	1	2059420	0.5	1	2148899.5	1507632	0.7015832988001532	1444854.6772150116	96	ok
chr10	105940924	105941193	AMPL230455	0.46296296296296297	1	5114096	0.5	1	2148899.5	1507632	0.7015832988001532	3587964.3420606684	271	ok
chr10	114200112	114200378	AMPL230456	0.35580524344569286	1	2882945	0.4	1	1837577	1507632	0.8204456194216623	2365299.5962835844	135	ok
chr10	121551369	121551602	AMPL230457	0.4786324786324786	1	1313550	0.5	1	2148899.5	1507632	0.7015832988001532	921564.7421389413	64	ok
chr10	128974383	128974643	AMPL230458	0.5938697318007663	1	1456099	0.6	1	1481156	1507632	1.017875227187413	1482127.1004323647	65	ok
chr10	135000030	135000260	AMPL230459	0.6536796536796536	1	30689	0.7	1	395362	1507632	3.813295157349467	117026.21508389778	0	low_cov_m5
chr11	379523	379760	AMPL230460	0.6974789915966386	1	44308	0.7	1	395362	1507632	3.813295157349467	168959.48183184018	0	low_cov_m5
chr11	7324340	7324609	AMPL230461	0.5851851851851851	1	1321867	0.6	1	1481156	1507632	1.017875227187413	1345495.672936544	64	ok
chr11	10555350	10555619	AMPL230462	0.3481481481481481	1	2509377	0.35	1	1485893	1507632	1.0146302593793766	2546089.836390642	124	ok
chr11	17418528	17418797	AMPL230463	0.6296296296296295	1	4771545	0.65	1	891094	1507632	1.6918888467434412	8072923.767234433	250	ok
chr11	20104423	20104690	AMPL230464	0.48134328358208955	1	3793287	0.5	1	2148899.5	1507632	0.7015832988001532	2661306.806755737	194	ok
chr11	26705064	26705333	AMPL230465	0.45185185185185184	1	438238	0.5	1	2148899.5	1507632	0.7015832988001532	307460.46169958153	20	ok
chr11	30353068	30353324	AMPL230466	0.39688715953307396	1	924371	0.4	1	1837577	1507632	0.8204456194216623	758396.1376704214	40	ok
chr11	32125724	32125983	AMPL230467	0.4	0.8538461538461538	1742677	0.4	0.9	1837577	1507632	0.8204456194216623	1429771.7107168841	84	ok
chr11	36458732	36458995	AMPL230468	0.4659090909090909	1	4222669	0.5	1	2148899.5	1507632	0.7015832988001532	2962554.0467611444	224	ok
chr11	40137296	40137565	AMPL230469	0.43333333333333335	1	1868630	0.45	1	2334349	1507632	0.6458468720829662	1206848.840580393	93	ok
chr11	43471476	43471745	AMPL230470	0.437037037037037	1	10895679	0.45	1	2334349	1507632	0.6458468720829662	7036940.201370061	581	high_cov_M500
chr11	48346777	48347046	AMPL230471	0.48518518518518516	1	3340429	0.5	1	2148899.5	1507632	0.7015832988001532	2343589.197227697	176	ok
chr11	56057951	56058220	AMPL230472	0.44814814814814813	1	2910470	0.45	1	2334349	1507632	0.6458468720829662	1879717.9457913106	148	ok
chr11	62563762	62564031	AMPL230473	0.5259259259259259	1	71973	0.55	1	1327235	1507632	1.135919411407927	81755.52779726272	3	low_cov_m5
chr11	67431871	67432110	AMPL230474	0.6541666666666667	1	1227404	0.7	1	395362	1507632	3.813295157349467	4680453.729311365	53	ok
chr11	73074176	73074445	AMPL230475	0.625925925925926	1	189079	0.65	1	891094	1507632	1.6918888467434412	319900.6512534031	6	ok
chr11	78369153	78369419	AMPL230476	0.6367041198501873	1	2413857	0.65	1	891094	1507632	1.6918888467434412	4083977.7359335828	114	ok
chr11	82921157	82921400	AMPL230477	0.3319672131147541	1	2460743	0.35	1	1485893	1507632	1.0146302593793766	2496744.308355985	123	ok
chr11	89028124	89028376	AMPL230478	0.40711462450592883	0.6600790513833992	483031	0.45	0.7	2334349	1507632	0.6458468720829662	311964.06046910724	21	ok
chr11	92523111	92523380	AMPL230479	0.4740740740740741	1	1888385	0.5	1	2148899.5	1507632	0.7015832988001532	1324859.3777047275	86	ok
chr11	103780208	103780477	AMPL230480	0.4111111111111111	1	1279476	0.45	1	2334349	1507632	0.6458468720829662	826345.5725052253	56	ok
chr11	108117611	108117868	AMPL230481	0.32558139534883723	1	3584008	0.35	1	1485893	1507632	1.0146302593793766	3636442.9666577606	179	ok
chr11	108119562	108119825	AMPL230482	0.36363636363636365	1	466494	0.4	1	1837577	1507632	0.8204456194216623	382732.9587864889	18	ok
chr11	108384001	108384263	AMPL230483	0.41825095057034223	1	656913	0.45	1	2334349	1507632	0.6458468720829662	424265.2062806376	29	ok
chr11	114421625	114421894	AMPL230484	0.45925925925925926	1	2463860	0.5	1	2148899.5	1507632	0.7015832988001532	1728603.0265817456	117	ok
chr11	120200518	120200787	AMPL230485	0.4222222222222222	1	2334349	0.45	1	2334349	1507632	0.6458468720829662	1507632	121	ok
chr11	125848024	125848282	AMPL230486	0.38223938223938225	1	972840	0.4	1	1837577	1507632	0.8204456194216623	798162.31639817	47	ok
chr11	134239500	134239723	AMPL230487	0.5133928571428571	1	616977	0.55	1	1327235	1507632	1.135919411407927	700836.1506922286	27	ok
chr12	311702	311971	AMPL230488	0.5888888888888888	1	269115	0.6	1	1481156	1507632	1.017875227187413	273925.49176454067	11	ok
chr12	2958262	2958517	AMPL230489	0.53515625	1	2507760	0.55	1	1327235	1507632	1.135919411407927	2848613.2631523428	126	ok
chr12	6076483	6076750	AMPL230490	0.49626865671641796	1	44154	0.5	1	2148899.5	1507632	0.7015832988001532	30977.708975221965	1	low_cov_m5
chr12	9833390	9833659	AMPL230491	0.3148148148148148	1	1552232	0.35	1	1485893	1507632	1.0146302593793766	1574941.5567769685	72	ok
chr12	11244028	11244290	AMPL230492	0.3992395437262357	0.9226847908745247	3528058	0.4	1	1837577	1507632	0.8204456194216623	2894579.731165551	173	ok
chr12	14018585	14018798	AMPL230493	0.4719626168224299	1	1970211	0.5	1	2148899.5	1507632	0.7015832988001532	1382267.1327123488	96	ok
chr12	16347096	16347333	AMPL230494	0.3739495798319328	1	872402	0.4	1	1837577	1507632	0.8204456194216623	715758.3992746971	39	ok
chr12	20782666	20782928	AMPL230495	0.4828897338403042	1	5357361	0.5	1	2148899.5	1507632	0.7015832988001532	3758635.0032432876	275	ok
chr12	25164117	25164386	AMPL230496	0.4111111111111111	1	557169	0.45	1	2334349	1507632	0.6458468720829662	359845.8558715942	26	ok
chr12	25398060	25398324	AMPL230497	0.3547169811320755	1	3454751	0.4	1	1837577	1507632	0.8204456194216623	2834435.3241426074	167	ok
chr12	27066801	27067045	AMPL230498	0.2979591836734694	1	1129546	0.3	1	1076384.5	1507632	1.4006444723052032	1582092.361114453	52	ok
chr12	30833230	30833499	AMPL230499	0.3296296296296296	1	3698393	0.35	1	1485893	1507632	1.0146302593793766	3752501.448876871	196	ok
chr12	33578866	33579135	AMPL230500	0.37777777777777777	1	2201583	0.4	1	1837577	1507632	0.8204456194216623	1806279.1281432016	108	ok
chr12	39698502	39698751	AMPL230501	0.33599999999999997	1	1372549	0.35	1	1485893	1507632	1.0146302593793766	1392629.747880904	63	ok
chr12	47471489	47471742	AMPL230502	0.42913385826771655	1	1124566	0.45	1	2334349	1507632	0.6458468720829662	726297.4335508529	52	ok
chr12	54970206	54970475	AMPL230503	0.5407407407407407	1	1671761	0.55	1	1327235	1507632	1.135919411407927	1898985.7711347274	68	ok
chr12	63195571	63195808	AMPL230504	0.6512605042016807	1	1691399	0.7	1	395362	1507632	3.813295157349467	6449803.6158457305	78	ok
chr12	72307371	72307640	AMPL230505	0.3296296296296296	1	3030673	0.35	1	1485893	1507632	1.0146302593793766	3075012.5320840734	151	ok
chr12	85260605	85260874	AMPL230506	0.2962962962962963	1	2860344	0.3	1	1076384.5	1507632	1.4006444723052032	4006325.0124913543	140	ok
chr12	88388221	88388490	AMPL230507	0.337037037037037	1	2459191	0.35	1	1485893	1507632	1.0146302593793766	2495169.602193428	124	ok
chr12	94972045	94972314	AMPL230508	0.5148148148148148	1	4819174	0.55	1	1327235	1507632	1.135919411407927	5474193.293552385	240	ok
chr12	102158519	102158788	AMPL230509	0.42962962962962964	1	2546783	0.45	1	2334349	1507632	0.6458468720829662	1644831.8344240729	132	ok
chr12	113645158	113645405	AMPL230510	0.3870967741935484	1	1625782	0.4	1	1837577	1507632	0.8204456194216623	1333865.7200345888	75	ok
chr12	124934150	124934419	AMPL230511	0.6444444444444444	1	926340	0.65	1	891094	1507632	1.6918888467434412	1567264.3142923194	39	ok
chr12	133624327	133624583	AMPL230512	0.35408560311284043	1	959947	0.4	1	1837577	1507632	0.8204456194216623	787584.3110269664	39	ok
chr13	20220579	20220837	AMPL230513	0.3783783783783784	0.8687258687258688	605960	0.4	0.9	1837577	1507632	0.8204456194216623	497157.2275447505	23	ok
chr13	23915115	23915366	AMPL230514	0.376984126984127	1	550478	0.4	1	1837577	1507632	0.8204456194216623	451637.2636879978	23	ok
chr13	32605902	32606095	AMPL230515	0.41752577319587625	1	378109	0.45	1	2334349	1507632	0.6458468720829662	244200.51495641828	14	ok
chr13	39266277	39266546	AMPL230516	0.45925925925925926	1	1382086	0.5	1	2148899.5	1507632	0.7015832988001532	969648.4551055086	59	ok
chr13	49950895	49951164	AMPL230517	0.3296296296296296	1	211416	0.35	1	1485893	1507632	1.0146302593793766	214509.07091695027	7	ok
chr13	58207376	58207645	AMPL230518	0.5777777777777777	1	1120824	0.6	1	1481156	1507632	1.017875227187413	1140858.983637105	48	ok
chr13	67799601	67799870	AMPL230519	0.49629629629629624	1	138429	0.5	1	2148899.5	1507632	0.7015832988001532	97119.47446960642	4	low_cov_m5
chr13	73342761	73342990	AMPL230520	0.30434782608695654	1	285337	0.35	1	1485893	1507632	1.0146302593793766	289511.5543205332	10	ok
chr13	73349267	73349536	AMPL230521	0.3814814814814815	1	107491	0.4	1	1837577	1507632	0.8204456194216623	88190.5200772539	4	low_cov_m5
chr13	73354788	73355040	AMPL230522	0.37549407114624506	1	2999723	0.4	1	1837577	1507632	0.8204456194216623	2461109.594828407	149	ok
chr13	79940562	79940831	AMPL230523	0.4	1	4735809	0.4	1	1837577	1507632	0.8204456194216623	3885473.748467683	250	ok
chr13	95117805	95118071	AMPL230524	0.48689138576779023	1	624060	0.5	1	2148899.5	1507632	0.7015832988001532	437830.07344922365	29	ok
chr13	95235175	95235409	AMPL230525	0.35744680851063826	1	2189486	0.4	1	1837577	1507632	0.8204456194216623	1796354.1974850576	110	ok
chr13	100861374	100861640	AMPL230526	0.3370786516853933	1	669406	0.35	1	1485893	1507632	1.0146302593793766	679199.5834101109	28	ok
chr13	108863196	108863465	AMPL230527	0.3740740740740741	1	1382571	0.4	1	1837577	1507632	0.8204456194216623	1134324.320489427	66	ok
chr13	115091230	115091499	AMPL230528	0.37777777777777777	1	3633389	0.4	1	1837577	1507632	0.8204456194216623	2980998.0887048542	181	ok
chr14	19553552	19553817	AMPL230529	0.5977443609022557	0.2568251879699248	231192	0.6	0.3	1481156	1507632	1.017875227187413	235324.60952391237	0	low_cov_m5
chr14	25101900	25102169	AMPL230530	0.537037037037037	1	446841	0.55	1	1327235	1507632	1.135919411407927	507575.3657129295	19	ok
chr14	36217610	36217870	AMPL230531	0.3869731800766284	0.8390804597701149	2333349	0.4	0.9	1837577	1507632	0.8204456194216623	1914385.9656319162	115	ok
chr14	45478009	45478278	AMPL230532	0.37777777777777777	1	4020611	0.4	1	1837577	1507632	0.8204456194216623	3298692.682348549	197	ok
chr14	51204748	51205017	AMPL230533	0.3925925925925926	1	2694889	0.4	1	1837577	1507632	0.8204456194216623	2211009.874877624	127	ok
chr14	58838460	58838729	AMPL230534	0.3925925925925926	1	3726977	0.4	1	1837577	1507632	0.8204456194216623	3057781.9533352884	175	ok
chr14	59112426	59112689	AMPL230535	0.5833333333333334	1	1481156	0.6	1	1481156	1507632	1.017875227187413	1507631.9999999998	70	ok
chr14	64573975	64574244	AMPL230536	0.3888888888888889	1	1837577	0.4	1	1837577	1507632	0.8204456194216623	1507632	77	ok
chr14	70175605	70175841	AMPL230537	0.5569620253164557	1	1138563	0.6	1	1481156	1507632	1.017875227187413	1158915.0722921824	37	ok
chr14	78197123	78197392	AMPL230538	0.34814814814814815	1	4791037	0.35	1	1485893	1507632	1.0146302593793766	4861131.114006191	250	ok
chr14	88904245	88904513	AMPL230539	0.3382899628252788	1	2245431	0.35	1	1485893	1507632	1.0146302593793766	2278282.237948493	108	ok
chr14	94914769	94915038	AMPL230540	0.5666666666666667	1	880659	0.6	1	1481156	1507632	1.017875227187413	896400.97969964	38	ok
chr14	105407786	105408055	AMPL230541	0.5296296296296297	1	1260450	0.55	1	1327235	1507632	1.135919411407927	1431769.6221091216	48	ok
chr15	23686100	23686315	AMPL230542	0.5740740740740741	1	5105309	0.6	1	1481156	1507632	1.017875227187413	5196567.5582369445	255	ok
chr15	29544451	29544699	AMPL230543	0.3614457831325301	1	1661490	0.4	1	1837577	1507632	0.8204456194216623	1363162.1922128976	80	ok
chr15	40589915	40590157	AMPL230544	0.5473251028806584	1	398980	0.55	1	1327235	1507632	1.135919411407927	453209.1267635347	17	ok
chr15	45059278	45059545	AMPL230545	0.40671641791044777	1	1665797	0.45	1	2334349	1507632	0.6458468720829662	1075849.7819751888	82	ok
chr15	53994310	53994519	AMPL230546	0.38095238095238093	1	439924	0.4	1	1837577	1507632	0.8204456194216623	360933.71867845533	18	ok
chr15	59963300	59963513	AMPL230547	0.32710280373831774	1	2233902	0.35	1	1485893	1507632	1.0146302593793766	2266584.565688108	108	ok
chr15	66420497	66420765	AMPL230548	0.6356877323420074	1	2717140	0.65	1	891094	1507632	1.6918888467434412	4597098.861040474	115	ok
chr15	73541268	73541537	AMPL230549	0.4	1	2614732	0.4	1	1837577	1507632	0.8204456194216623	2145245.415361642	127	ok
chr15	80414808	80415077	AMPL230550	0.2962962962962963	1	1029289	0.3	1	1076384.5	1507632	1.4006444723052032	1441667.9482545503	45	ok
chr15	86807525	86807791	AMPL230551	0.48689138576779023	1	2749161	0.5	1	2148899.5	1507632	0.7015832988001532	1928765.443312728	144	ok
chr15	94883872	94884137	AMPL230552	0.34962406015037595	1	876890	0.35	1	1485893	1507632	1.0146302593793766	889719.1281471815	39	ok
chr15	102215674	102215941	AMPL230553	0.3955223880597015	1	6193896	0.4	1	1837577	1507632	0.8204456194216623	5081754.840353357	309	ok
chr16	396200	396456	AMPL230554	0.5291828793774319	1	415541	0.55	1	1327235	1507632	1.135919411407927	472021.0881358614	12	ok
chr16	3085200	3085420	AMPL230555	0.6380090497737556	1	747026	0.65	1	891094	1507632	1.6918888467434412	1263884.9576273658	26	ok
chr16	5132419	5132668	AMPL230556	0.5840000000000001	0.7385312	7998512	0.6	0.8	1481156	1507632	1.017875227187413	8141487.219161249	384	ok
chr16	9002023	9002292	AMPL230557	0.37777777777777777	1	3989075	0.4	1	1837577	1507632	0.8204456194216623	3272819.1092944676	198	ok
chr16	12666222	12666489	AMPL230558	0.6343283582089552	1	15085365	0.65	1	891094	1507632	1.6918888467434412	25522760.792553872	726	high_cov_M500
chr16	14989261	14989520	AMPL230559	0.5346153846153846	0.3333	7225221	0.55	0.4	1327235	1507632	1.135919411407927	8207268.785612194	366	ok
chr16	19067703	19067967	AMPL230560	0.569811320754717	1	2260272	0.6	1	1481156	1507632	1.017875227187413	2300674.875505348	100	ok
chr16	21215163	21215432	AMPL230561	0.4	1	1195422	0.4	1	1837577	1507632	0.8204456194216623	980778.7432602823	56	ok
chr16	25137186	25137404	AMPL230562	0.4748858447488584	0.728310502283105	1629777	0.5	0.8	2148899.5	1507632	0.7015832988001532	1143424.3239686172	80	ok
chr16	28354037	28354300	AMPL230563	0.5454545454545454	0.25092613636363637	1274496	0.55	0.3	1327235	1507632	1.135919411407927	1447724.7461617573	63	ok
chr16	31090984	31091233	AMPL230564	0.608	1	41708	0.65	1	891094	1507632	1.6918888467434412	70565.30001997545	0	low_cov_m5
chr16	31131517	31131786	AMPL230565	0.5703703703703704	1	1202772	0.6	1	1481156	1507632	1.017875227187413	1224271.822754659	56	ok
chr16	47143336	47143603	AMPL230566	0.3880597014925373	1	1136173	0.4	1	1837577	1507632	0.8204456194216623	932168.1607551683	52	ok
chr16	50816222	50816416	AMPL230567	0.3487179487179487	1	1695797	0.35	1	1485893	1507632	1.0146302593793766	1720606.9499647687	85	ok
chr16	52473027	52473294	AMPL230568	0.5149253731343284	1	1521826	0.55	1	1327235	1507632	1.135919411407927	1728671.6941852798	75	ok
chr16	55601138	55601407	AMPL230569	0.4703703703703703	1	2796445	0.5	1	2148899.5	1507632	0.7015832988001532	1961939.1080131945	143	ok
chr16	57786509	57786768	AMPL230570	0.7	1	168201	0.7	1	395362	1507632	3.813295157349467	641400.0587613377	3	low_cov_m5
chr16	65005594	65005863	AMPL230571	0.3925925925925926	1	4916142	0.4	1	1837577	1507632	0.8204456194216623	4033427.16835485	251	ok
chr16	66812606	66812820	AMPL230572	0.37209302325581395	1	1916595	0.4	1	1837577	1507632	0.8204456194216623	1572461.9719554607	85	ok
chr16	68389523	68389792	AMPL230573	0.6666666666666667	1	111020	0.7	1	395362	1507632	3.813295157349467	423352.02836893784	3	low_cov_m5
chr16	72129962	72130224	AMPL230574	0.5133079847908746	1	4009648	0.55	1	1327235	1507632	1.135919411407927	4554636.996112972	203	ok
chr16	77246707	77246896	AMPL230575	0.7	1	191144	0.7	1	395362	1507632	3.813295157349467	728888.4895564065	5	ok
chr16	84115261	84115514	AMPL230576	0.5748031496062992	1	3215133	0.6	1	1481156	1507632	1.017875227187413	3272604.2328127488	163	ok
chr16	89259865	89260075	AMPL230577	0.6635071090047393	1	54402	0.7	1	395362	1507632	3.813295157349467	207450.8831501257	0	low_cov_m5
chr17	259943	260186	AMPL230578	0.6557377049180328	1	478063	0.7	1	395362	1507632	3.813295157349467	1822995.3228079581	17	ok
chr17	263566	263768	AMPL230579	0.6798029556650247	0.8241379310344829	65387	0.7	0.9	395362	1507632	3.813295157349467	249339.9304536096	1	low_cov_m5
chr17	2929144	2929413	AMPL230580	0.6185185185185185	1	5259246	0.65	1	891094	1507632	1.6918888467434412	8898059.649680056	272	ok
chr17	5991097	5991365	AMPL230581	0.5464684014869888	1	694598	0.55	1	1327235	1507632	1.135919411407927	789007.3513251232	30	ok
chr17	6941899	6942168	AMPL230582	0.6	1	3123854	0.6	1	1481156	1507632	1.017875227187413	3179693.599950309	154	ok
chr17	7573800	7574057	AMPL230583	0.6007751937984496	1	2265010	0.65	1	891094	1507632	1.6918888467434412	3832145.1567623615	92	ok
chr17	7576847	7577116	AMPL230584	0.5407407407407407	1	497249	0.55	1	1327235	1507632	1.135919411407927	564834.7914031802	21	ok
chr17	7577320	7577589	AMPL230585	0.562962962962963	1	921725	0.6	1	1481156	1507632	1.017875227187413	938201.0437793182	40	ok
chr17	7578333	7578557	AMPL230586	0.6266666666666667	1	1462674	0.65	1	891094	1507632	1.6918888467434412	2474681.827021616	46	ok
chr17	7579233	7579502	AMPL230587	0.6037037037037036	1	531738	0.65	1	891094	1507632	1.6918888467434412	899641.591589664	24	ok
chr17	8218077	8218325	AMPL230588	0.5903614457831325	1	296133	0.6	1	1481156	1507632	1.017875227187413	301426.44465269014	13	ok
chr17	10236229	10236498	AMPL230589	0.5444444444444445	1	558129	0.55	1	1327235	1507632	1.135919411407927	633989.5651696948	19	ok
chr17	11957994	11958263	AMPL230590	0.3111111111111111	0.9833333333333333	2992544	0.35	1	1485893	1507632	1.0146302593793766	3036325.694924197	137	ok
chr17	14095061	14095330	AMPL230591	0.4222222222222222	0.7037037037037037	3309109	0.45	0.8	2334349	1507632	0.6458468720829662	2137177.697031592	157	ok
chr17	15217257	15217526	AMPL230592	0.5	1	1755747	0.5	1	2148899.5	1507632	0.7015832988001532	1231802.7721184727	65	ok
chr17	16842718	16842932	AMPL230593	0.5906976744186047	1	1502082	0.6	1	1481156	1507632	1.017875227187413	1528932.0570041237	78	ok
chr17	18775669	18775927	AMPL230594	0.31660231660231664	1	925616	0.35	1	1485893	1507632	1.0146302593793766	939158.002165701	37	ok
chr17	21319409	21319678	AMPL230595	0.5925925925925926	0.8166666666666667	9743508	0.6	0.9	1481156	1507632	1.017875227187413	9917675.419102376	506	high_cov_M500
chr17	26691319	26691588	AMPL230596	0.6074074074074074	1	367610	0.65	1	891094	1507632	1.6918888467434412	621955.2589513564	15	ok
chr17	31618519	31618761	AMPL230597	0.6995884773662551	1	1249558	0.7	1	395362	1507632	3.813295157349467	4764933.470227285	34	ok
chr17	37118925	37119189	AMPL230598	0.3283018867924528	1	1517000	0.35	1	1485893	1507632	1.0146302593793766	1539194.1034785144	72	ok
chr17	43319648	43319837	AMPL230599	0.5789473684210527	1	42924	0.6	1	1481156	1507632	1.017875227187413	43691.276251792515	0	low_cov_m5
chr17	46136063	46136332	AMPL230600	0.5481481481481482	1	1247753	0.55	1	1327235	1507632	1.135919411407927	1417346.8533424751	60	ok
chr17	53026684	53026932	AMPL230601	0.321285140562249	1	3265399	0.35	1	1485893	1507632	1.0146302593793766	3313172.634347157	165	ok
chr17	56357003	56357272	AMPL230602	0.6	1	2656696	0.6	1	1481156	1507632	1.017875227187413	2704185.0445678914	129	ok
chr17	61573523	61573784	AMPL230603	0.6068702290076335	1	3343884	0.65	1	891094	1507632	1.6918888467434412	5657480.044403845	152	ok
chr17	67023335	67023604	AMPL230604	0.2962962962962963	1	147981	0.3	1	1076384.5	1507632	1.4006444723052032	207268.76965619627	6	ok
chr17	71747108	71747377	AMPL230605	0.5259259259259259	1	290607	0.55	1	1327235	1507632	1.135919411407927	330106.13239102345	11	ok
chr17	75202107	75202376	AMPL230606	0.4037037037037037	1	1537943	0.45	1	2334349	1507632	0.6458468720829662	993275.6759918933	77	ok
chr17	80544789	80545058	AMPL230607	0.42962962962962964	1	2334810	0.45	1	2334349	1507632	0.6458468720829662	1507929.7354080302	114	ok
chr18	334673	334922	AMPL230608	0.6839999999999999	1	1724452	0.7	1	395362	1507632	3.813295157349467	6575844.460681603	81	ok
chr18	690338	690607	AMPL230609	0.49629629629629624	1	1654350	0.5	1	2148899.5	1507632	0.7015832988001532	1160664.3303700336	80	ok
chr18	2610582	2610849	AMPL230610	0.34328358208955223	1	1241770	0.35	1	1485893	1507632	1.0146302593793766	1259937.4171895285	60	ok
chr18	3729137	3729365	AMPL230611	0.6550218340611353	1	2406186	0.7	1	395362	1507632	3.813295157349467	9175497.421482084	108	ok
chr18	6093181	6093387	AMPL230612	0.2995169082125604	1	1176668	0.3	1	1076384.5	1507632	1.4006444723052032	1648093.529938419	56	ok
chr18	6890208	6890465	AMPL230613	0.43410852713178294	1	5529	0.45	1	2334349	1507632	0.6458468720829662	3570.88735574672	0	low_cov_m5
chr18	8069618	8069887	AMPL230614	0.42962962962962964	1	13609587	0.45	1	2334349	1507632	0.6458468720829662	8789709.194291	665	high_cov_M500
chr18	9256271	9256531	AMPL230615	0.31034482758620685	1	2027082	0.35	1	1485893	1507632	1.0146302593793766	2056738.7354432654	96	ok
chr18	10487689	10487938	AMPL230616	0.604	1	557896	0.65	1	891094	1507632	1.6918888467434412	943898.0200427789	23	ok
chr18	11752730	11752921	AMPL230617	0.5416666666666667	1	726855	0.55	1	1327235	1507632	1.135919411407927	825648.7037789087	24	ok
chr18	13116193	13116462	AMPL230618	0.37407407407407406	1	986496	0.4	1	1837577	1507632	0.8204456194216623	809366.3217769922	31	ok
chr18	14532917	14533174	AMPL230619	0.375968992248062	0.22410038759689924	2760778	0.4	0.3	1837577	1507632	0.8204456194216623	2265068.2162956977	137	ok
chr18	19995776	19996036	AMPL230620	0.421455938697318	0.7959747126436781	5325408	0.45	0.8	2334349	1507632	0.6458468720829662	3439398.099365605	288	ok
chr18	28662817	28663006	AMPL230621	0.32105263157894737	1	1505341	0.35	1	1485893	1507632	1.0146302593793766	1527364.5292844102	70	ok
chr18	31684820	31685089	AMPL230622	0.35185185185185186	1	5664694	0.4	1	1837577	1507632	0.8204456194216623	4647573.377664174	303	ok
chr18	39620453	39620702	AMPL230623	0.352	1	2153741	0.4	1	1837577	1507632	0.8204456194216623	1767027.3688188302	105	ok
chr18	42531208	42531467	AMPL230624	0.4769230769230769	1	11557531	0.5	1	2148899.5	1507632	0.7015832988001532	8108570.724965034	605	high_cov_M500
chr18	48190540	48190803	AMPL230625	0.5984848484848485	1	9872676	0.6	1	1481156	1507632	1.017875227187413	10049152.32644772	510	high_cov_M500
chr18	52896030	52896294	AMPL230626	0.6150943396226415	1	2952774	0.65	1	891094	1507632	1.6918888467434412	4995765.397554018	132	ok
chr18	59483162	59483431	AMPL230627	0.6481481481481481	1	7153291	0.65	1	891094	1507632	1.6918888467434412	12102573.260410238	360	ok
chr18	65179014	65179283	AMPL230628	0.41481481481481486	1	6264280	0.45	1	2334349	1507632	0.6458468720829662	4045765.6438518837	329	ok
chr18	70525882	70526147	AMPL230629	0.3157894736842105	1	485675	0.35	1	1485893	1507632	1.0146302593793766	492780.5512240787	18	ok
chr18	72347240	72347509	AMPL230630	0.45925925925925926	1	3897670	0.5	1	2148899.5	1507632	0.7015832988001532	2734540.1762343934	192	ok
chr18	77895010	77895264	AMPL230631	0.592156862745098	1	2778762	0.6	1	1481156	1507632	1.017875227187413	2828433.00204975	131	ok
chr19	303160	303350	AMPL230632	0.4554973821989529	0.262665445026178	740433	0.5	0.3	2148899.5	1507632	0.7015832988001532	519475.42668049387	41	ok
chr19	2834560	2834829	AMPL230633	0.5148148148148148	1	3248470	0.55	1	1327235	1507632	1.135919411407927	3690000.1303763087	164	ok
chr19	5831487	5831743	AMPL230634	0.6303501945525292	0.4934902723735409	817894	0.65	0.5	891094	1507632	1.6918888467434412	1383785.7364183802	31	ok
chr19	8201129	8201369	AMPL230635	0.6556016597510373	1	1527389	0.7	1	395362	1507632	3.813295157349467	5824385.077088845	73	ok
chr19	10226053	10226306	AMPL230636	0.6338582677165354	1	779332	0.65	1	891094	1507632	1.6918888467434412	1318543.1187102594	33	ok
chr19	13370280	13370525	AMPL230637	0.5528455284552846	1	2844060	0.6	1	1481156	1507632	1.017875227187413	2894898.218634634	144	ok
chr19	16611516	16611785	AMPL230638	0.41481481481481486	1	2725735	0.45	1	2334349	1507632	0.6458468720829662	1760407.423877064	131	ok
chr19	18287824	18288089	AMPL230639	0.6240601503759398	1	2279309	0.65	1	891094	1507632	1.6918888467434412	3856337.475381946	110	ok
chr19	19625381	19625629	AMPL230640	0.6987951807228916	1	619480	0.7	1	395362	1507632	3.813295157349467	2362260.084074848	26	ok
chr19	20807179	20807386	AMPL230641	0.39903846153846156	0.7788461538461539	34181	0.4	0.8	1837577	1507632	0.8204456194216623	28043.651717451838	0	low_cov_m5
chr19	22363214	22363478	AMPL230642	0.41509433962264153	0.8509433962264151	90104	0.45	0.9	2334349	1507632	0.6458468720829662	58193.386562163585	4	low_cov_m5
chr19	24015453	24015714	AMPL230643	0.40076335877862596	1	5411220	0.45	1	2334349	1507632	0.6458468720829662	3494819.5111527885	286	ok
chr19	30477088	30477325	AMPL230644	0.365546218487395	1	1910240	0.4	1	1837577	1507632	0.8204456194216623	1567248.0400440362	96	ok
chr19	32927930	32928199	AMPL230645	0.42962962962962964	1	125050	0.45	1	2334349	1507632	0.6458468720829662	80763.15135397493	0	low_cov_m5
chr19	35616099	35616346	AMPL230646	0.6370967741935484	1	248352	0.65	1	891094	1507632	1.6918888467434412	420183.9788664271	10	ok
chr19	36213197	36213387	AMPL230647	0.6073298429319371	1	393854	0.65	1	891094	1507632	1.6918888467434412	666357.1898452913	15	ok
chr19	37642697	37642946	AMPL230648	0.46399999999999997	0.5	325480	0.5	0.5	2148899.5	1507632	0.7015832988001532	228351.33209347387	16	ok
chr19	38382098	38382353	AMPL230649	0.48828125	1	3335338	0.5	1	2148899.5	1507632	0.7015832988001532	2340017.4366535055	168	ok
chr19	40743779	40743972	AMPL230650	0.5824742268041236	1	4325811	0.6	1	1481156	1507632	1.017875227187413	4403135.85439481	173	ok
chr19	44001219	44001451	AMPL230651	0.6223175965665235	1	2867646	0.65	1	891094	1507632	1.6918888467434412	4851738.283808442	139	ok
chr19	46543415	46543682	AMPL230652	0.585820895522388	1	1059581	0.6	1	1481156	1507632	1.017875227187413	1078521.251098466	48	ok
chr19	47193673	47193942	AMPL230653	0.5629629629629629	1	5957594	0.6	1	1481156	1507632	1.017875227187413	6064087.346240369	287	ok
chr19	47203906	47204165	AMPL230654	0.5115384615384615	1	1183024	0.55	1	1327235	1507632	1.135919411407927	1343819.9257614515	57	ok
chr19	50153990	50154256	AMPL230655	0.6591760299625469	1	365672	0.7	1	395362	1507632	3.813295157349467	1394415.2667782942	0	low_cov_m5
chr19	52824991	52825260	AMPL230656	0.36296296296296293	1	1396124	0.4	1	1837577	1507632	0.8204456194216623	1145443.8199694487	68	ok
chr19	54965614	54965880	AMPL230657	0.651685393258427	1	133405	0.7	1	395362	1507632	3.813295157349467	508712.64046620566	3	low_cov_m5
chr19	58058517	58058783	AMPL230658	0.47191011235955055	1	4657769	0.5	1	2148899.5	1507632	0.7015832988001532	3267812.940069091	237	ok
chr20	238234	238503	AMPL230659	0.5185185185185185	1	2781930	0.55	1	1327235	1507632	1.135919411407927	3160048.288178054	139	ok
chr20	3128768	3129037	AMPL230660	0.37777777777777777	1	1964759	0.4	1	1837577	1507632	0.8204456194216623	1611977.9147692858	90	ok
chr20	6065518	6065751	AMPL230661	0.45726495726495725	1	288304	0.5	1	2148899.5	1507632	0.7015832988001532	202269.2713772794	12	ok
chr20	7967757	7968021	AMPL230662	0.3320754716981132	1	1061116	0.35	1	1485893	1507632	1.0146302593793766	1076640.4023116066	47	ok
chr20	10018891	10019121	AMPL230663	0.39826839826839827	1	79048	0.4	1	1837577	1507632	0.8204456194216623	64854.58532404356	2	low_cov_m5
chr20	13603886	13604138	AMPL230664	0.3241106719367589	0.7292387351778656	113379	0.35	0.8	1485893	1507632	1.0146302593793766	115037.76417817433	4	low_cov_m5
chr20	16360175	16360437	AMPL230665	0.5627376425855514	1	2287384	0.6	1	1481156	1507632	1.017875227187413	2328271.5086648534	110	ok
chr20	17716198	17716466	AMPL230666	0.5427509293680297	1	4070784	0.55	1	1327235	1507632	1.135919411407927	4624082.565248807	198	ok
chr20	19634488	19634757	AMPL230667	0.4555555555555556	1	5298911	0.5	1	2148899.5	1507632	0.7015832988001532	3717627.459428419	260	ok
chr20	20033154	20033410	AMPL230668	0.6692607003891051	1	329889	0.7	1	395362	1507632	3.813295157349467	1257964.1261628582	14	ok
chr20	23345618	23345887	AMPL230669	0.5185185185185185	1	712101	0.55	1	1327235	1507632	1.135919411407927	808889.3487829962	29	ok
chr20	25282717	25282986	AMPL230670	0.5555555555555556	1	220483	0.6	1	1481156	1507632	1.017875227187413	224424.18371596237	9	ok
chr20	29956254	29956523	AMPL230671	0.5074074074074074	1	8645760	0.55	1	1327235	1507632	1.135919411407927	9820886.6103742	446	ok
chr20	31827426	31827695	AMPL230672	0.5407407407407407	1	1692135	0.55	1	1327235	1507632	1.135919411407927	1922128.9932227526	70	ok
chr20	35060265	35060495	AMPL230673	0.6190476190476191	1	2295305	0.65	1	891094	1507632	1.6918888467434412	3883400.929374454	106	ok
chr20	35521123	35521386	AMPL230674	0.3446969696969697	1	774999	0.35	1	1485893	1507632	1.0146302593793766	786337.4363887574	37	ok
chr20	36977733	36978002	AMPL230675	0.5407407407407407	1	7208	0.55	1	1327235	1507632	1.135919411407927	8187.707117428337	0	low_cov_m5
chr20	39794939	39795208	AMPL230676	0.625925925925926	1	889479	0.65	1	891094	1507632	1.6918888467434412	1504899.5995125093	40	ok
chr20	42330965	42331232	AMPL230677	0.4253731343283582	1	329080	0.45	1	2334349	1507632	0.6458468720829662	212535.28866506252	14	ok
chr20	45354192	45354454	AMPL230678	0.6197718631178708	1	3922001	0.65	1	891094	1507632	1.6918888467434412	6635589.748816623	191	ok
chr20	47835746	47836015	AMPL230679	0.5851851851851853	1	1025270	0.6	1	1481156	1507632	1.017875227187413	1043596.9341784389	49	ok
chr20	52198294	52198547	AMPL230680	0.5275590551181102	1	1236154	0.55	1	1327235	1507632	1.135919411407927	1404171.3240895546	61	ok
chr20	55033226	55033495	AMPL230681	0.42962962962962964	1	2888318	0.45	1	2334349	1507632	0.6458468720829662	1865411.1458809287	146	ok
chr20	58491340	58491609	AMPL230682	0.30000000000000004	1	4298302	0.3	1	1076384.5	1507632	1.4006444723052032	6020392.9365984	220	ok
chr20	62597494	62597715	AMPL230683	0.5495495495495495	1	1327819	0.55	1	1327235	1507632	1.135919411407927	1508295.3769362622	52	ok
chr21	14982418	14982686	AMPL230684	0.5353159851301115	0.5108297397769517	1277881	0.55	0.6	1327235	1507632	1.135919411407927	1451569.833369373	63	ok
chr21	17249942	17250211	AMPL230685	0.3074074074074074	1	877625	0.35	1	1485893	1507632	1.0146302593793766	890464.8813878254	42	ok
chr21	18970735	18971004	AMPL230686	0.45555555555555555	1	2510188	0.5	1	2148899.5	1507632	0.7015832988001532	1761105.977648559	118	ok
chr21	27136730	27136999	AMPL230687	0.3888888888888889	0.9481481481481482	4435229	0.4	1	1837577	1507632	0.8204456194216623	3638864.20418192	219	ok
chr21	30307308	30307525	AMPL230688	0.3394495412844037	1	4334010	0.35	1	1485893	1507632	1.0146302593793766	4397417.690452812	218	ok
chr21	32201573	32201842	AMPL230689	0.4962962962962963	1	5469682	0.5	1	2148899.5	1507632	0.7015832988001532	3837437.5409478196	249	ok
chr21	33846053	33846259	AMPL230690	0.5169082125603865	1	157662	0.55	1	1327235	1507632	1.135919411407927	179091.32624139657	2	low_cov_m5
chr21	35260257	35260503	AMPL230691	0.4817813765182186	1	1624088	0.5	1	2148899.5	1507632	0.7015832988001532	1139433.0165817433	67	ok
chr21	37618107	37618376	AMPL230692	0.5740740740740741	1	5738824	0.6	1	1481156	1507632	1.017875227187413	5841406.782788578	301	ok
chr21	40568798	40569067	AMPL230693	0.4111111111111111	1	8056991	0.45	1	2334349	1507632	0.6458468720829662	5203582.43575061	424	ok
chr21	44188922	44189191	AMPL230694	0.5148148148148148	1	6660143	0.55	1	1327235	1507632	1.135919411407927	7565385.716452625	354	ok
chr21	47545585	47545854	AMPL230695	0.6407407407407407	1	445701	0.65	1	891094	1507632	1.6918888467434412	754076.5508823985	17	ok
chr22	18359306	18359563	AMPL230696	0.5736434108527132	0.9096887596899225	1987487	0.6	1	1481156	1507632	1.017875227187413	2023013.7816570299	53	ok
chr22	21066643	21066832	AMPL230697	0.6157894736842104	0.6710373684210527	843609	0.65	0.7	891094	1507632	1.6918888467434412	1427292.6581123876	36	ok
chr22	24087088	24087345	AMPL230698	0.48062015503875966	1	7848131	0.5	1	2148899.5	1507632	0.7015832988001532	5506117.636395746	401	ok
chr22	25752986	25753253	AMPL230699	0.5597014925373134	1	4788439	0.6	1	1481156	1507632	1.017875227187413	4874033.434998069	231	ok
chr22	29192902	29193171	AMPL230700	0.45555555555555555	1	4972264	0.5	1	2148899.5	1507632	0.7015832988001532	3488457.379625245	246	ok
chr22	29194897	29195132	AMPL230701	0.3983050847457627	1	416276	0.4	1	1837577	1507632	0.8204456194216623	341531.8206703719	16	ok
chr22	29446426	29446665	AMPL230702	0.6499999999999999	1	3278037	0.65	1	891094	1507632	1.6918888467434412	5546074.23951233	142	ok
chr22	32352420	32352689	AMPL230703	0.5111111111111111	1	4766955	0.55	1	1327235	1507632	1.135919411407927	5414876.717808074	238	ok
chr22	35658960	35659229	AMPL230704	0.3925925925925926	1	2142892	0.4	1	1837577	1507632	0.8204456194216623	1758126.3542937248	99	ok
chr22	37469340	37469609	AMPL230705	0.5111111111111111	1	1379021	0.55	1	1327235	1507632	1.135919411407927	1566456.722639171	65	ok
chr22	41188411	41188638	AMPL230706	0.36403508771929827	1	1237080	0.4	1	1837577	1507632	0.8204456194216623	1014956.86687415	57	ok
chr22	44367994	44368228	AMPL230707	0.34893617021276596	1	945810	0.35	1	1485893	1507632	1.0146302593793766	959647.4456236082	43	ok
chr22	46930466	46930729	AMPL230708	0.5757575757575757	1	2525	0.6	1	1481156	1507632	1.017875227187413	2570.1349486482177	0	low_cov_m5
chr22	50885529	50885795	AMPL230709	0.6554307116104869	1	395362	0.7	1	395362	1507632	3.813295157349467	1507632	7	ok
